0 0.221498 0.108559 0.050000 0.100000
0 0.216253 0.166251 0.050000 0.100000
0 0.250344 0.295622 0.050000 0.100000
0 0.277879 0.290377 0.050000 0.100000
0 0.015732 0.617300 0.031463 0.100000
0 0.048421 0.627790 0.050000 0.100000
0 0.393264 0.507161 0.050000 0.100000
0 0.408998 0.531636 0.050000 0.100000
0 0.313281 0.751916 0.050000 0.100000
0 0.468002 0.725692 0.050000 0.100000
0 0.465379 0.681986 0.050000 0.100000
0 0.499470 0.589328 0.050000 0.100000
0 0.557162 0.519398 0.050000 0.100000
0 0.578141 0.498419 0.050000 0.100000
0 0.550606 0.466951 0.050000 0.100000
0 0.541428 0.765902 0.050000 0.100000
0 0.643701 0.674993 0.050000 0.100000
0 0.669925 0.709958 0.050000 0.100000
0 0.958386 0.940727 0.050000 0.100000
0 0.751218 0.461706 0.050000 0.100000
0 0.798421 0.571846 0.050000 0.100000
0 0.875781 0.554363 0.050000 0.100000
0 0.659435 0.202965 0.050000 0.100000
0 0.694837 0.136531 0.050000 0.100000
0 0.693526 0.174993 0.050000 0.100000
0 0.714505 0.176741 0.050000 0.100000
0 0.760397 0.154014 0.050000 0.100000
0 0.449645 0.215203 0.050000 0.100000
0 0.309348 0.091077 0.050000 0.100000
0 0.755563 0.828911 0.050000 0.100000
