0 0.450308 0.759717 0.050000 0.100000
0 0.466081 0.696625 0.050000 0.100000
0 0.310455 0.859261 0.050000 0.100000
0 0.020514 0.594277 0.041028 0.100000
0 0.015782 0.491928 0.031565 0.100000
0 0.140108 0.435847 0.050000 0.100000
0 0.229488 0.383972 0.050000 0.100000
0 0.279961 0.397992 0.050000 0.100000
0 0.251570 0.278819 0.050000 0.100000
0 0.200045 0.284428 0.050000 0.100000
0 0.285219 0.218532 0.050000 0.100000
0 0.261034 0.168059 0.050000 0.100000
0 0.326228 0.217130 0.050000 0.100000
0 0.356722 0.187687 0.050000 0.100000
0 0.449257 0.214326 0.050000 0.100000
0 0.406144 0.521371 0.050000 0.100000
0 0.393526 0.498939 0.050000 0.100000
0 0.397732 0.483516 0.050000 0.100000
0 0.511296 0.542402 0.050000 0.100000
0 0.545997 0.525577 0.050000 0.100000
0 0.567027 0.493330 0.050000 0.100000
0 0.547048 0.476506 0.050000 0.100000
0 0.722653 0.595679 0.050000 0.100000
0 0.833063 0.566236 0.050000 0.100000
0 0.871969 0.571844 0.050000 0.100000
0 0.917185 0.658770 0.050000 0.100000
0 0.886691 0.430239 0.050000 0.100000
0 0.833063 0.426033 0.050000 0.100000
0 0.743683 0.378364 0.050000 0.100000
0 0.700571 0.396590 0.050000 0.100000
0 0.723704 0.257789 0.050000 0.100000
0 0.738426 0.184883 0.050000 0.100000
0 0.792054 0.197502 0.050000 0.100000
0 0.593315 0.102163 0.050000 0.100000
0 0.605934 0.090947 0.050000 0.100000
0 0.595418 0.145626 0.050000 0.100000
0 0.275755 0.110575 0.050000 0.100000
0 0.282064 0.092349 0.050000 0.100000
0 0.305198 0.102163 0.050000 0.100000
0 0.323074 0.103565 0.050000 0.100000
0 0.360928 0.096555 0.050000 0.100000
0 0.372495 0.092349 0.050000 0.100000
0 0.208457 0.071319 0.050000 0.100000
0 0.227385 0.092349 0.050000 0.100000
0 0.125387 0.555020 0.050000 0.100000
0 0.352516 0.045237 0.050000 0.090474
