0 0.199918 0.724330 0.050000 0.100000
0 0.167288 0.735847 0.050000 0.100000
0 0.142336 0.491445 0.050000 0.100000
0 0.057883 0.462014 0.050000 0.100000
0 0.022248 0.447939 0.044495 0.100000
0 0.219111 0.332776 0.050000 0.100000
0 0.223910 0.296947 0.050000 0.100000
0 0.262298 0.266237 0.050000 0.100000
0 0.303564 0.258559 0.050000 0.100000
0 0.269975 0.334055 0.050000 0.100000
0 0.268056 0.376282 0.050000 0.100000
0 0.300685 0.376282 0.050000 0.100000
0 0.324678 0.357088 0.050000 0.100000
0 0.394735 0.510639 0.050000 0.100000
0 0.412969 0.502961 0.050000 0.100000
0 0.411050 0.528553 0.050000 0.100000
0 0.500301 0.547747 0.050000 0.100000
0 0.663449 0.247043 0.050000 0.100000
0 0.709514 0.200978 0.050000 0.100000
0 0.773814 0.204816 0.050000 0.100000
0 0.758459 0.131880 0.050000 0.100000
0 0.721031 0.144676 0.050000 0.100000
0 0.664409 0.107568 0.050000 0.100000
0 0.317000 0.121643 0.050000 0.100000
0 0.293008 0.110127 0.050000 0.100000
0 0.312202 0.093492 0.050000 0.100000
0 0.350589 0.098610 0.050000 0.100000
0 0.268056 0.142117 0.050000 0.100000
0 0.224870 0.139557 0.050000 0.100000
0 0.180724 0.081976 0.050000 0.100000
0 0.449438 0.204816 0.050000 0.100000
0 0.554044 0.121643 0.050000 0.100000
0 0.402413 0.046794 0.050000 0.093588
0 0.421607 0.047434 0.050000 0.094868
