0 0.427050 0.200830 0.050000 0.100000
0 0.460348 0.194488 0.050000 0.100000
0 0.262145 0.114149 0.050000 0.100000
0 0.278001 0.103579 0.050000 0.100000
0 0.278001 0.088780 0.050000 0.100000
0 0.287515 0.088780 0.050000 0.100000
0 0.336669 0.088780 0.050000 0.100000
0 0.354111 0.099350 0.050000 0.100000
0 0.306542 0.295968 0.050000 0.100000
0 0.067113 0.534868 0.050000 0.100000
0 0.019894 0.541211 0.039788 0.100000
0 0.046500 0.646919 0.050000 0.100000
0 0.032229 0.744171 0.050000 0.100000
0 0.186035 0.752627 0.050000 0.100000
0 0.739418 0.955980 0.050000 0.083873
0 0.825041 0.969722 0.050000 0.056389
0 0.683921 0.270598 0.050000 0.100000
0 0.545972 0.462987 0.050000 0.100000
0 0.747346 0.336137 0.050000 0.100000
0 0.755274 0.293854 0.050000 0.100000
0 0.766373 0.236771 0.050000 0.100000
0 0.812356 0.217744 0.050000 0.100000
