0 0.217564 0.140028 0.050000 0.100000
0 0.252967 0.143524 0.050000 0.100000
0 0.251655 0.159258 0.050000 0.100000
0 0.213631 0.173244 0.050000 0.100000
0 0.308036 0.082335 0.050000 0.100000
0 0.338194 0.115552 0.050000 0.100000
0 0.357862 0.115552 0.050000 0.100000
0 0.380152 0.208209 0.050000 0.100000
0 0.361795 0.246671 0.050000 0.100000
0 0.293613 0.260657 0.050000 0.100000
0 0.448334 0.201216 0.050000 0.100000
0 0.394575 0.501916 0.050000 0.100000
0 0.252967 0.397021 0.050000 0.100000
0 0.184785 0.388279 0.050000 0.100000
0 0.217564 0.577091 0.050000 0.100000
0 0.405064 0.522895 0.050000 0.100000
0 0.565030 0.524643 0.050000 0.100000
0 0.583386 0.505412 0.050000 0.100000
0 0.550606 0.480937 0.050000 0.100000
0 0.419488 0.730937 0.050000 0.100000
0 0.407687 0.764154 0.050000 0.100000
0 0.407687 0.793874 0.050000 0.100000
0 0.327704 0.757161 0.050000 0.100000
0 0.284435 0.757161 0.050000 0.100000
0 0.281813 0.813105 0.050000 0.100000
0 0.541428 0.904014 0.050000 0.100000
0 0.582075 0.687230 0.050000 0.100000
0 0.719750 0.503664 0.050000 0.100000
0 0.849557 0.487930 0.050000 0.100000
0 0.934785 0.500168 0.050000 0.100000
0 0.816778 0.239678 0.050000 0.100000
0 0.776131 0.173244 0.050000 0.100000
