0 0.202797 0.087094 0.050000 0.100000
0 0.228708 0.075578 0.050000 0.100000
0 0.269015 0.076857 0.050000 0.100000
0 0.296847 0.080696 0.050000 0.100000
0 0.347710 0.094772 0.050000 0.100000
0 0.361146 0.089653 0.050000 0.100000
0 0.320839 0.144676 0.050000 0.100000
0 0.296847 0.181784 0.050000 0.100000
0 0.270935 0.149794 0.050000 0.100000
0 0.216232 0.264957 0.050000 0.100000
0 0.283411 0.275194 0.050000 0.100000
0 0.366904 0.213774 0.050000 0.100000
0 0.448478 0.215053 0.050000 0.100000
0 0.401453 0.510639 0.050000 0.100000
0 0.412010 0.532392 0.050000 0.100000
0 0.416808 0.470971 0.050000 0.100000
0 0.508939 0.537510 0.050000 0.100000
0 0.544447 0.522155 0.050000 0.100000
0 0.556923 0.485047 0.050000 0.100000
0 0.546367 0.459455 0.050000 0.100000
0 0.283411 0.819020 0.050000 0.100000
0 0.052125 0.748642 0.050000 0.100000
0 0.727749 0.165149 0.050000 0.100000
0 0.769015 0.148514 0.050000 0.100000
0 0.612585 0.147235 0.050000 0.100000
0 0.594351 0.136998 0.050000 0.100000
0 0.555004 0.140837 0.050000 0.100000
0 0.397614 0.549026 0.050000 0.100000
