0 0.015543 0.501042 0.031085 0.100000
0 0.301167 0.756908 0.050000 0.100000
0 0.332025 0.778766 0.050000 0.100000
0 0.367705 0.781337 0.050000 0.100000
0 0.564426 0.819910 0.050000 0.100000
0 0.443886 0.645047 0.050000 0.100000
0 0.446779 0.585902 0.050000 0.100000
0 0.409171 0.530614 0.050000 0.100000
0 0.393742 0.503613 0.050000 0.100000
0 0.501746 0.534471 0.050000 0.100000
0 0.550926 0.472755 0.050000 0.100000
0 0.608785 0.524185 0.050000 0.100000
0 0.709074 0.726050 0.050000 0.100000
0 0.737040 0.787766 0.050000 0.100000
0 0.891331 0.633475 0.050000 0.100000
0 0.720646 0.188602 0.050000 0.100000
0 0.777541 0.139743 0.050000 0.100000
0 0.677252 0.103742 0.050000 0.100000
0 0.447744 0.206603 0.050000 0.100000
0 0.319489 0.206603 0.050000 0.100000
0 0.252951 0.138457 0.050000 0.100000
0 0.231736 0.144886 0.050000 0.100000
0 0.187377 0.071598 0.050000 0.100000
0 0.278023 0.096027 0.050000 0.100000
0 0.310810 0.093456 0.050000 0.100000
0 0.346490 0.101170 0.050000 0.100000
0 0.280916 0.047298 0.050000 0.094597
0 0.357098 0.046656 0.050000 0.093311
