0 0.597213 0.504899 0.050000 0.100000
0 0.502710 0.533186 0.050000 0.100000
0 0.452565 0.585902 0.050000 0.100000
0 0.444851 0.639904 0.050000 0.100000
0 0.407242 0.530614 0.050000 0.100000
0 0.401456 0.510042 0.050000 0.100000
0 0.305024 0.776194 0.050000 0.100000
0 0.263558 0.767194 0.050000 0.100000
0 0.359991 0.782623 0.050000 0.100000
0 0.247165 0.377609 0.050000 0.100000
0 0.218235 0.384037 0.050000 0.100000
0 0.303096 0.210460 0.050000 0.100000
0 0.215342 0.144886 0.050000 0.100000
0 0.287666 0.093456 0.050000 0.100000
0 0.310810 0.090884 0.050000 0.100000
0 0.345526 0.098599 0.050000 0.100000
0 0.447744 0.211746 0.050000 0.100000
0 0.633857 0.216889 0.050000 0.100000
0 0.763076 0.303035 0.050000 0.100000
0 0.853722 0.326178 0.050000 0.100000
0 0.883616 0.861055 0.050000 0.100000
0 0.417850 0.047941 0.050000 0.095883
0 0.192199 0.044727 0.050000 0.089454
0 0.216307 0.044084 0.050000 0.088168
