0 0.271659 0.093008 0.050000 0.100000
0 0.287515 0.093008 0.050000 0.100000
0 0.300200 0.093008 0.050000 0.100000
0 0.333498 0.086665 0.050000 0.100000
0 0.344597 0.080323 0.050000 0.100000
0 0.219333 0.160661 0.050000 0.100000
0 0.228847 0.224086 0.050000 0.100000
0 0.278001 0.196602 0.050000 0.100000
0 0.297029 0.186031 0.050000 0.100000
0 0.343012 0.179689 0.050000 0.100000
0 0.374724 0.173346 0.050000 0.100000
0 0.395337 0.186031 0.050000 0.100000
0 0.449248 0.215629 0.050000 0.100000
0 0.460348 0.196602 0.050000 0.100000
0 0.685506 0.224086 0.050000 0.100000
0 0.748931 0.221972 0.050000 0.100000
0 0.549143 0.469329 0.050000 0.100000
0 0.363625 0.792796 0.050000 0.100000
0 0.576098 0.632120 0.050000 0.100000
0 0.721976 0.553896 0.050000 0.100000
0 0.883709 0.534868 0.050000 0.100000
0 0.755274 0.680746 0.050000 0.100000
0 0.912251 0.672289 0.050000 0.100000
0 0.940792 0.820281 0.050000 0.100000
0 0.842483 0.811824 0.050000 0.100000
0 0.550728 0.158547 0.050000 0.100000
