0 0.091644 0.748817 0.050000 0.100000
0 0.106017 0.643410 0.050000 0.100000
0 0.094724 0.600973 0.050000 0.100000
0 0.178913 0.796730 0.050000 0.100000
0 0.512588 0.663944 0.050000 0.100000
0 0.532095 0.651623 0.050000 0.100000
0 0.569056 0.599604 0.050000 0.100000
0 0.553656 0.484615 0.050000 0.100000
0 0.581377 0.496935 0.050000 0.100000
0 0.553656 0.521576 0.050000 0.100000
0 0.496161 0.535265 0.050000 0.100000
0 0.443800 0.524313 0.050000 0.100000
0 0.740514 0.501042 0.050000 0.100000
0 0.804169 0.496935 0.050000 0.100000
0 0.737434 0.872020 0.050000 0.100000
0 0.853451 0.882972 0.050000 0.100000
0 0.357557 0.305285 0.050000 0.100000
0 0.267208 0.317606 0.050000 0.100000
0 0.236408 0.280645 0.050000 0.100000
0 0.210740 0.261480 0.050000 0.100000
0 0.235381 0.236839 0.050000 0.100000
0 0.222034 0.190296 0.050000 0.100000
0 0.207660 0.197140 0.050000 0.100000
0 0.206633 0.102684 0.050000 0.100000
0 0.215874 0.134170 0.050000 0.100000
0 0.246674 0.104053 0.050000 0.100000
0 0.261048 0.124587 0.050000 0.100000
0 0.277475 0.094471 0.050000 0.100000
0 0.293902 0.102684 0.050000 0.100000
0 0.284662 0.195771 0.050000 0.100000
0 0.442773 0.220412 0.050000 0.100000
0 0.445853 0.234101 0.050000 0.100000
0 0.455093 0.201247 0.050000 0.100000
0 0.553656 0.198509 0.050000 0.100000
0 0.584457 0.238208 0.050000 0.100000
0 0.615258 0.121849 0.050000 0.100000
0 0.551603 0.119111 0.050000 0.100000
0 0.701500 0.131432 0.050000 0.100000
0 0.726141 0.132801 0.050000 0.100000
0 0.751808 0.121849 0.050000 0.100000
