0 0.267416 0.250318 0.050000 0.100000
0 0.223057 0.231032 0.050000 0.100000
0 0.206664 0.143600 0.050000 0.100000
0 0.208592 0.085741 0.050000 0.100000
0 0.284774 0.099884 0.050000 0.100000
0 0.308882 0.102456 0.050000 0.100000
0 0.342633 0.103742 0.050000 0.100000
0 0.305024 0.238747 0.050000 0.100000
0 0.363848 0.273462 0.050000 0.100000
0 0.447744 0.218174 0.050000 0.100000
0 0.390849 0.507470 0.050000 0.100000
0 0.415921 0.540900 0.050000 0.100000
0 0.453530 0.569187 0.050000 0.100000
0 0.502710 0.533186 0.050000 0.100000
0 0.548997 0.472755 0.050000 0.100000
0 0.366741 0.800624 0.050000 0.100000
0 0.314667 0.785195 0.050000 0.100000
0 0.305024 0.756908 0.050000 0.100000
0 0.659894 0.183459 0.050000 0.100000
0 0.633857 0.119171 0.050000 0.100000
0 0.607821 0.129457 0.050000 0.100000
0 0.616500 0.087027 0.050000 0.100000
0 0.643501 0.081884 0.050000 0.100000
0 0.670502 0.137172 0.050000 0.100000
