0 0.397614 0.509359 0.050000 0.100000
0 0.415848 0.483767 0.050000 0.100000
0 0.407211 0.531112 0.050000 0.100000
0 0.437921 0.536230 0.050000 0.100000
0 0.509898 0.537510 0.050000 0.100000
0 0.550205 0.519596 0.050000 0.100000
0 0.566520 0.492724 0.050000 0.100000
0 0.545407 0.472251 0.050000 0.100000
0 0.133699 0.403153 0.050000 0.100000
0 0.260378 0.258559 0.050000 0.100000
0 0.319879 0.215053 0.050000 0.100000
0 0.362106 0.198419 0.050000 0.100000
0 0.376501 0.284151 0.050000 0.100000
0 0.445599 0.207376 0.050000 0.100000
0 0.221031 0.133159 0.050000 0.100000
0 0.205676 0.105008 0.050000 0.100000
0 0.196079 0.060223 0.050000 0.100000
0 0.232547 0.049993 0.050000 0.099986
0 0.261338 0.093492 0.050000 0.100000
0 0.282451 0.088374 0.050000 0.100000
0 0.309323 0.092212 0.050000 0.100000
0 0.342912 0.097331 0.050000 0.100000
0 0.366904 0.092212 0.050000 0.100000
