0 0.183957 0.076513 0.050000 0.100000
0 0.213832 0.078610 0.050000 0.100000
0 0.198108 0.107960 0.050000 0.100000
0 0.237416 0.147792 0.050000 0.100000
0 0.273580 0.091188 0.050000 0.100000
0 0.283014 0.095381 0.050000 0.100000
0 0.317605 0.120539 0.050000 0.100000
0 0.356913 0.086996 0.050000 0.100000
0 0.366347 0.231650 0.050000 0.100000
0 0.437102 0.212782 0.050000 0.100000
0 0.272008 0.237939 0.050000 0.100000
0 0.229555 0.374207 0.050000 0.100000
0 0.284586 0.388882 0.050000 0.100000
0 0.227983 0.481126 0.050000 0.100000
0 0.015642 0.489511 0.031284 0.100000
0 0.056599 0.537729 0.050000 0.100000
0 0.345907 0.510476 0.050000 0.100000
0 0.336473 0.806073 0.050000 0.100000
0 0.558171 0.967142 0.050000 0.061550
0 0.671379 0.810266 0.050000 0.100000
0 0.784586 0.856388 0.050000 0.100000
0 0.545593 0.474836 0.050000 0.100000
