0 0.244444 0.059608 0.050000 0.100000
0 0.257556 0.063105 0.050000 0.100000
0 0.268045 0.108559 0.050000 0.100000
0 0.281157 0.099818 0.050000 0.100000
0 0.281157 0.124293 0.050000 0.100000
0 0.271979 0.138279 0.050000 0.100000
0 0.256245 0.155762 0.050000 0.100000
0 0.256245 0.173244 0.050000 0.100000
0 0.227398 0.150517 0.050000 0.100000
0 0.186752 0.164503 0.050000 0.100000
0 0.244444 0.244923 0.050000 0.100000
0 0.203797 0.325342 0.050000 0.100000
0 0.050388 0.606811 0.050000 0.100000
0 0.032031 0.688979 0.050000 0.100000
0 0.019993 0.736182 0.039986 0.100000
0 0.197241 0.447720 0.050000 0.100000
0 0.201175 0.619049 0.050000 0.100000
0 0.269356 0.760657 0.050000 0.100000
0 0.311314 0.771147 0.050000 0.100000
0 0.290335 0.166251 0.050000 0.100000
0 0.315248 0.096321 0.050000 0.100000
0 0.341472 0.092825 0.050000 0.100000
0 0.342783 0.084084 0.050000 0.100000
0 0.351961 0.213454 0.050000 0.100000
0 0.329671 0.215203 0.050000 0.100000
0 0.447678 0.209958 0.050000 0.100000
0 0.365073 0.181986 0.050000 0.100000
0 0.458168 0.543874 0.050000 0.100000
0 0.525038 0.545622 0.050000 0.100000
0 0.543395 0.472196 0.050000 0.100000
0 0.593220 0.577091 0.050000 0.100000
0 0.708605 0.542126 0.050000 0.100000
0 0.766297 0.664503 0.050000 0.100000
0 0.868570 0.680237 0.050000 0.100000
0 0.768919 0.327091 0.050000 0.100000
0 0.827923 0.323594 0.050000 0.100000
0 0.897416 0.272895 0.050000 0.100000
0 0.809566 0.237930 0.050000 0.100000
0 0.734828 0.223944 0.050000 0.100000
0 0.694182 0.117300 0.050000 0.100000
0 0.678447 0.077091 0.050000 0.100000
0 0.664024 0.106811 0.050000 0.100000
0 0.635178 0.080587 0.050000 0.100000
