0 0.227749 0.111406 0.050000 0.100000
0 0.212394 0.151074 0.050000 0.100000
0 0.207595 0.046794 0.050000 0.093588
0 0.381299 0.047434 0.050000 0.094868
0 0.335234 0.097331 0.050000 0.100000
0 0.299726 0.092212 0.050000 0.100000
0 0.364025 0.089653 0.050000 0.100000
0 0.442720 0.213774 0.050000 0.100000
0 0.220071 0.313582 0.050000 0.100000
0 0.098190 0.734567 0.050000 0.100000
0 0.169207 0.703857 0.050000 0.100000
0 0.297806 0.803665 0.050000 0.100000
0 0.403372 0.525994 0.050000 0.100000
0 0.390896 0.496563 0.050000 0.100000
0 0.412010 0.486326 0.050000 0.100000
0 0.514697 0.532392 0.050000 0.100000
0 0.547326 0.520875 0.050000 0.100000
0 0.557883 0.499122 0.050000 0.100000
0 0.532931 0.481208 0.050000 0.100000
0 0.723910 0.148514 0.050000 0.100000
