0 0.271659 0.090894 0.050000 0.100000
0 0.284344 0.090894 0.050000 0.100000
0 0.292272 0.090894 0.050000 0.100000
0 0.338255 0.090894 0.050000 0.100000
0 0.341426 0.073980 0.050000 0.100000
0 0.233604 0.190259 0.050000 0.100000
0 0.209819 0.272712 0.050000 0.100000
0 0.276415 0.238885 0.050000 0.100000
0 0.352525 0.240999 0.050000 0.100000
0 0.360454 0.116264 0.050000 0.100000
0 0.382652 0.217744 0.050000 0.100000
0 0.419122 0.202944 0.050000 0.100000
0 0.403265 0.194488 0.050000 0.100000
0 0.463519 0.198716 0.050000 0.100000
0 0.452420 0.215629 0.050000 0.100000
0 0.721976 0.240999 0.050000 0.100000
0 0.769544 0.243114 0.050000 0.100000
0 0.577684 0.167004 0.050000 0.100000
0 0.547557 0.471443 0.050000 0.100000
0 0.450834 0.621549 0.050000 0.100000
0 0.214576 0.765312 0.050000 0.100000
0 0.733075 0.515841 0.050000 0.100000
0 0.817113 0.515841 0.050000 0.100000
0 0.804428 0.608864 0.050000 0.100000
0 0.858339 0.602522 0.050000 0.100000
0 0.976935 0.695545 0.043005 0.100000
0 0.855168 0.742056 0.050000 0.100000
