0 0.233694 0.421827 0.050000 0.100000
0 0.223179 0.295644 0.050000 0.100000
0 0.210560 0.278819 0.050000 0.100000
0 0.289425 0.292840 0.050000 0.100000
0 0.308352 0.807386 0.050000 0.100000
0 0.379856 0.828416 0.050000 0.100000
0 0.424020 0.800376 0.050000 0.100000
0 0.453463 0.703635 0.050000 0.100000
0 0.406144 0.533989 0.050000 0.100000
0 0.399835 0.501743 0.050000 0.100000
0 0.422968 0.480712 0.050000 0.100000
0 0.510245 0.533989 0.050000 0.100000
0 0.555461 0.526979 0.050000 0.100000
0 0.571233 0.497537 0.050000 0.100000
0 0.545997 0.458280 0.050000 0.100000
0 0.722653 0.461084 0.050000 0.100000
0 0.764714 0.423229 0.050000 0.100000
0 0.830960 0.166657 0.050000 0.100000
0 0.436638 0.225542 0.050000 0.100000
0 0.235797 0.200306 0.050000 0.100000
0 0.229488 0.133008 0.050000 0.100000
0 0.243158 0.133008 0.050000 0.100000
0 0.266291 0.099359 0.050000 0.100000
0 0.279961 0.093751 0.050000 0.100000
0 0.316764 0.096555 0.050000 0.100000
0 0.335692 0.099359 0.050000 0.100000
0 0.367238 0.088143 0.050000 0.100000
0 0.379856 0.086741 0.050000 0.100000
0 0.555461 0.208718 0.050000 0.100000
