0 0.286290 0.122923 0.050000 0.100000
0 0.270935 0.160031 0.050000 0.100000
0 0.204716 0.131880 0.050000 0.100000
0 0.307403 0.168988 0.050000 0.100000
0 0.298766 0.094772 0.050000 0.100000
0 0.355388 0.093492 0.050000 0.100000
0 0.364985 0.135719 0.050000 0.100000
0 0.337154 0.102449 0.050000 0.100000
0 0.375541 0.275194 0.050000 0.100000
0 0.340992 0.284151 0.050000 0.100000
0 0.447518 0.209935 0.050000 0.100000
0 0.650973 0.151074 0.050000 0.100000
0 0.722950 0.142117 0.050000 0.100000
0 0.566520 0.492724 0.050000 0.100000
0 0.543488 0.511918 0.050000 0.100000
0 0.529092 0.472251 0.050000 0.100000
0 0.479188 0.536230 0.050000 0.100000
0 0.403372 0.528553 0.050000 0.100000
0 0.399534 0.502961 0.050000 0.100000
0 0.412010 0.479928 0.050000 0.100000
0 0.287250 0.758879 0.050000 0.100000
0 0.155772 0.351969 0.050000 0.100000
