0 0.248797 0.124058 0.050000 0.100000
0 0.274591 0.110830 0.050000 0.100000
0 0.310305 0.092312 0.050000 0.100000
0 0.363876 0.089666 0.050000 0.100000
0 0.443242 0.200777 0.050000 0.100000
0 0.459115 0.206068 0.050000 0.100000
0 0.558321 0.190195 0.050000 0.100000
0 0.615861 0.184904 0.050000 0.100000
0 0.669432 0.116121 0.050000 0.100000
0 0.689273 0.110830 0.050000 0.100000
0 0.703162 0.158449 0.050000 0.100000
0 0.709115 0.243105 0.050000 0.100000
0 0.778559 0.288079 0.050000 0.100000
0 0.824194 0.280142 0.050000 0.100000
0 0.617845 0.288079 0.050000 0.100000
0 0.615861 0.364798 0.050000 0.100000
0 0.548400 0.462682 0.050000 0.100000
0 0.599988 0.499719 0.050000 0.100000
0 0.564273 0.523528 0.050000 0.100000
0 0.508718 0.526174 0.050000 0.100000
0 0.387686 0.497073 0.050000 0.100000
0 0.407527 0.534110 0.050000 0.100000
0 0.270623 0.494428 0.050000 0.100000
0 0.070226 0.534110 0.050000 0.100000
0 0.294432 0.801306 0.050000 0.100000
0 0.334115 0.758978 0.050000 0.100000
0 0.351972 0.809243 0.050000 0.100000
0 0.375781 0.785433 0.050000 0.100000
0 0.409511 0.748396 0.050000 0.100000
0 0.447210 0.732523 0.050000 0.100000
