0 0.245099 0.056112 0.050000 0.100000
0 0.313281 0.085832 0.050000 0.100000
0 0.382774 0.173244 0.050000 0.100000
0 0.369662 0.195972 0.050000 0.100000
0 0.336883 0.190727 0.050000 0.100000
0 0.308036 0.194223 0.050000 0.100000
0 0.184785 0.157510 0.050000 0.100000
0 0.241166 0.180237 0.050000 0.100000
0 0.255589 0.185482 0.050000 0.100000
0 0.216253 0.213454 0.050000 0.100000
0 0.204453 0.320098 0.050000 0.100000
0 0.272634 0.258909 0.050000 0.100000
0 0.313281 0.257161 0.050000 0.100000
0 0.443089 0.215203 0.050000 0.100000
0 0.390641 0.505412 0.050000 0.100000
0 0.399820 0.522895 0.050000 0.100000
0 0.015732 0.633035 0.031463 0.100000
0 0.311970 0.758909 0.050000 0.100000
0 0.349995 0.783384 0.050000 0.100000
0 0.406376 0.760657 0.050000 0.100000
0 0.428666 0.779888 0.050000 0.100000
0 0.478491 0.802615 0.050000 0.100000
0 0.527005 0.748419 0.050000 0.100000
0 0.554540 0.648769 0.050000 0.100000
0 0.710571 0.890028 0.050000 0.100000
0 0.726306 0.933734 0.050000 0.100000
0 0.559785 0.533384 0.050000 0.100000
0 0.570274 0.494923 0.050000 0.100000
0 0.545362 0.459958 0.050000 0.100000
0 0.785309 0.344573 0.050000 0.100000
0 0.814155 0.393524 0.050000 0.100000
0 0.863981 0.325342 0.050000 0.100000
