0 0.194254 0.092339 0.050000 0.100000
0 0.210892 0.085513 0.050000 0.100000
0 0.274885 0.097458 0.050000 0.100000
0 0.296643 0.088926 0.050000 0.100000
0 0.309442 0.138414 0.050000 0.100000
0 0.239049 0.186195 0.050000 0.100000
0 0.221131 0.182782 0.050000 0.100000
0 0.235210 0.232270 0.050000 0.100000
0 0.250568 0.274932 0.050000 0.100000
0 0.267206 0.288584 0.050000 0.100000
0 0.300483 0.360257 0.050000 0.100000
0 0.190414 0.302236 0.050000 0.100000
0 0.442547 0.213499 0.050000 0.100000
0 0.454066 0.203260 0.050000 0.100000
0 0.361916 0.082100 0.050000 0.100000
0 0.571814 0.170837 0.050000 0.100000
0 0.702360 0.085513 0.050000 0.100000
0 0.661404 0.187902 0.050000 0.100000
0 0.707479 0.211793 0.050000 0.100000
0 0.665244 0.329540 0.050000 0.100000
0 0.701080 0.314182 0.050000 0.100000
0 0.834186 0.288584 0.050000 0.100000
0 0.826507 0.355137 0.050000 0.100000
0 0.544937 0.460939 0.050000 0.100000
0 0.511660 0.530905 0.050000 0.100000
0 0.439988 0.525786 0.050000 0.100000
0 0.384954 0.483124 0.050000 0.100000
0 0.369595 0.495069 0.050000 0.100000
0 0.483503 0.614523 0.050000 0.100000
0 0.392633 0.809062 0.050000 0.100000
