0 0.273244 0.093008 0.050000 0.100000
0 0.282758 0.093008 0.050000 0.100000
0 0.293857 0.093008 0.050000 0.100000
0 0.308128 0.095122 0.050000 0.100000
0 0.339840 0.093008 0.050000 0.100000
0 0.346183 0.078209 0.050000 0.100000
0 0.341426 0.219858 0.050000 0.100000
0 0.274830 0.224086 0.050000 0.100000
0 0.274830 0.240999 0.050000 0.100000
0 0.441320 0.207173 0.050000 0.100000
0 0.450834 0.215629 0.050000 0.100000
0 0.200306 0.437617 0.050000 0.100000
0 0.155908 0.524297 0.050000 0.100000
0 0.035401 0.513727 0.050000 0.100000
0 0.068699 0.591951 0.050000 0.100000
0 0.165422 0.716686 0.050000 0.100000
0 0.184449 0.725143 0.050000 0.100000
0 0.393752 0.486243 0.050000 0.100000
0 0.400094 0.515841 0.050000 0.100000
0 0.452420 0.534868 0.050000 0.100000
0 0.490475 0.587722 0.050000 0.100000
0 0.523773 0.543325 0.050000 0.100000
0 0.558657 0.596179 0.050000 0.100000
0 0.490475 0.761084 0.050000 0.100000
0 0.549143 0.471443 0.050000 0.100000
0 0.549143 0.348822 0.050000 0.100000
0 0.630010 0.274826 0.050000 0.100000
0 0.623667 0.156433 0.050000 0.100000
0 0.615739 0.177574 0.050000 0.100000
0 0.693435 0.249456 0.050000 0.100000
0 0.766373 0.167004 0.050000 0.100000
0 0.739418 0.369963 0.050000 0.100000
0 0.832969 0.391105 0.050000 0.100000
0 0.890052 0.276940 0.050000 0.100000
