0 0.210687 0.082803 0.050000 0.100000
0 0.275152 0.093285 0.050000 0.100000
0 0.289303 0.091188 0.050000 0.100000
0 0.355341 0.089092 0.050000 0.100000
0 0.290876 0.164564 0.050000 0.100000
0 0.389932 0.265193 0.050000 0.100000
0 0.396222 0.183432 0.050000 0.100000
0 0.238989 0.290350 0.050000 0.100000
0 0.317605 0.378400 0.050000 0.100000
0 0.388360 0.495801 0.050000 0.100000
0 0.191819 0.504186 0.050000 0.100000
0 0.080184 0.460161 0.050000 0.100000
0 0.069177 0.432907 0.050000 0.100000
0 0.103769 0.491608 0.050000 0.100000
0 0.479555 0.757855 0.050000 0.100000
0 0.544020 0.462258 0.050000 0.100000
0 0.442906 0.245228 0.050000 0.100000
