0 0.104356 0.426033 0.050000 0.100000
0 0.165345 0.318076 0.050000 0.100000
0 0.197942 0.283026 0.050000 0.100000
0 0.259982 0.236758 0.050000 0.100000
0 0.266291 0.271809 0.050000 0.100000
0 0.320971 0.271809 0.050000 0.100000
0 0.306249 0.222738 0.050000 0.100000
0 0.357774 0.263397 0.050000 0.100000
0 0.373547 0.264799 0.050000 0.100000
0 0.396680 0.278819 0.050000 0.100000
0 0.413505 0.292840 0.050000 0.100000
0 0.427175 0.224140 0.050000 0.100000
0 0.448205 0.259191 0.050000 0.100000
0 0.450308 0.208718 0.050000 0.100000
0 0.411402 0.350323 0.050000 0.100000
0 0.393526 0.497537 0.050000 0.100000
0 0.405093 0.512959 0.050000 0.100000
0 0.443999 0.515763 0.050000 0.100000
0 0.255776 0.110575 0.050000 0.100000
0 0.289425 0.096555 0.050000 0.100000
0 0.297837 0.072721 0.050000 0.100000
0 0.185324 0.089545 0.050000 0.100000
0 0.666922 0.135812 0.050000 0.100000
0 0.708983 0.134410 0.050000 0.100000
0 0.582800 0.782149 0.050000 0.100000
0 0.680592 0.784953 0.050000 0.100000
0 0.764714 0.787757 0.050000 0.100000
0 0.499730 0.528381 0.050000 0.100000
0 0.536533 0.528381 0.050000 0.100000
0 0.558615 0.503145 0.050000 0.100000
0 0.545997 0.462486 0.050000 0.100000
0 0.230539 0.766727 0.050000 0.100000
0 0.560718 0.189089 0.050000 0.100000
