0 0.184785 0.103314 0.050000 0.100000
0 0.203141 0.077091 0.050000 0.100000
0 0.209697 0.127790 0.050000 0.100000
0 0.242477 0.129538 0.050000 0.100000
0 0.284435 0.119049 0.050000 0.100000
0 0.301481 0.117300 0.050000 0.100000
0 0.332949 0.202965 0.050000 0.100000
0 0.351306 0.204713 0.050000 0.100000
0 0.448334 0.204713 0.050000 0.100000
0 0.456201 0.267650 0.050000 0.100000
0 0.204453 0.435482 0.050000 0.100000
0 0.026131 0.477440 0.050000 0.100000
0 0.017698 0.568349 0.035397 0.100000
0 0.382774 0.496671 0.050000 0.100000
0 0.412932 0.536881 0.050000 0.100000
0 0.554540 0.521147 0.050000 0.100000
0 0.582075 0.498419 0.050000 0.100000
0 0.544050 0.465203 0.050000 0.100000
0 0.319837 0.769398 0.050000 0.100000
0 0.359173 0.792126 0.050000 0.100000
0 0.406376 0.737930 0.050000 0.100000
0 0.418176 0.781636 0.050000 0.100000
0 0.462757 0.818349 0.050000 0.100000
0 0.509960 0.727440 0.050000 0.100000
0 0.519138 0.788629 0.050000 0.100000
0 0.592564 0.928489 0.050000 0.100000
0 0.639767 0.659258 0.050000 0.100000
0 0.843002 0.802615 0.050000 0.100000
0 0.913806 0.744923 0.050000 0.100000
0 0.921673 0.890028 0.050000 0.100000
0 0.862669 0.964427 0.050000 0.066980
