0 0.439065 0.955916 0.050000 0.084001
0 0.359991 0.799338 0.050000 0.100000
0 0.293452 0.776194 0.050000 0.100000
0 0.284774 0.746622 0.050000 0.100000
0 0.442922 0.654047 0.050000 0.100000
0 0.408207 0.535757 0.050000 0.100000
0 0.389884 0.506185 0.050000 0.100000
0 0.497888 0.533186 0.050000 0.100000
0 0.594320 0.516471 0.050000 0.100000
0 0.547069 0.472755 0.050000 0.100000
0 0.715825 0.418753 0.050000 0.100000
0 0.733182 0.309463 0.050000 0.100000
0 0.771755 0.387895 0.050000 0.100000
0 0.858544 0.367323 0.050000 0.100000
0 0.381206 0.309463 0.050000 0.100000
0 0.315632 0.303035 0.050000 0.100000
0 0.239450 0.112742 0.050000 0.100000
0 0.206664 0.097313 0.050000 0.100000
0 0.283809 0.094741 0.050000 0.100000
0 0.307917 0.092170 0.050000 0.100000
0 0.344561 0.093456 0.050000 0.100000
0 0.414957 0.210460 0.050000 0.100000
0 0.451601 0.209174 0.050000 0.100000
