0 0.276415 0.090894 0.050000 0.100000
0 0.297029 0.088780 0.050000 0.100000
0 0.338255 0.088780 0.050000 0.100000
0 0.352525 0.080323 0.050000 0.100000
0 0.460348 0.200830 0.050000 0.100000
0 0.419122 0.200830 0.050000 0.100000
0 0.431807 0.209287 0.050000 0.100000
0 0.631595 0.219858 0.050000 0.100000
0 0.674407 0.205059 0.050000 0.100000
0 0.696606 0.253684 0.050000 0.100000
0 0.633181 0.336137 0.050000 0.100000
0 0.764788 0.245228 0.050000 0.100000
0 0.557071 0.572923 0.050000 0.100000
0 0.549143 0.475672 0.050000 0.100000
0 0.514259 0.572923 0.050000 0.100000
0 0.179692 0.623663 0.050000 0.100000
0 0.227261 0.644805 0.050000 0.100000
0 0.019894 0.509498 0.039788 0.100000
0 0.311299 0.862564 0.050000 0.100000
