0 0.229994 0.069969 0.050000 0.100000
0 0.231635 0.104980 0.050000 0.100000
0 0.313692 0.094039 0.050000 0.100000
0 0.262816 0.172814 0.050000 0.100000
0 0.292357 0.170626 0.050000 0.100000
0 0.367849 0.153120 0.050000 0.100000
0 0.443341 0.207825 0.050000 0.100000
0 0.453188 0.207825 0.050000 0.100000
0 0.545092 0.212201 0.050000 0.100000
0 0.617302 0.146556 0.050000 0.100000
0 0.666536 0.301917 0.050000 0.100000
0 0.733823 0.269094 0.050000 0.100000
0 0.751875 0.201260 0.050000 0.100000
0 0.794545 0.216578 0.050000 0.100000
0 0.815880 0.304105 0.050000 0.100000
0 0.766646 0.546994 0.050000 0.100000
0 0.738746 0.557934 0.050000 0.100000
0 0.738746 0.689225 0.050000 0.100000
0 0.901219 0.601698 0.050000 0.100000
0 0.781416 0.959709 0.050000 0.076415
0 0.682948 0.929926 0.050000 0.100000
0 0.682948 0.660779 0.050000 0.100000
0 0.548374 0.466031 0.050000 0.100000
0 0.581197 0.492289 0.050000 0.100000
0 0.568068 0.511983 0.050000 0.100000
0 0.502422 0.529488 0.050000 0.100000
0 0.407236 0.525112 0.050000 0.100000
0 0.397390 0.514171 0.050000 0.100000
0 0.451547 0.660779 0.050000 0.100000
0 0.448265 0.678285 0.050000 0.100000
0 0.489293 0.735177 0.050000 0.100000
0 0.422007 0.803011 0.050000 0.100000
0 0.392466 0.803011 0.050000 0.100000
0 0.300562 0.805199 0.050000 0.100000
0 0.271022 0.794258 0.050000 0.100000
0 0.024926 0.918985 0.049851 0.100000
