0 0.083430 0.431226 0.050000 0.100000
0 0.214847 0.262849 0.050000 0.100000
0 0.252835 0.256004 0.050000 0.100000
0 0.287742 0.238208 0.050000 0.100000
0 0.348317 0.232732 0.050000 0.100000
0 0.370904 0.225888 0.050000 0.100000
0 0.417106 0.223150 0.050000 0.100000
0 0.441746 0.212198 0.050000 0.100000
0 0.448933 0.205354 0.050000 0.100000
0 0.206633 0.169762 0.050000 0.100000
0 0.233327 0.113636 0.050000 0.100000
0 0.252835 0.104053 0.050000 0.100000
0 0.275422 0.102684 0.050000 0.100000
0 0.289796 0.097209 0.050000 0.100000
0 0.290822 0.123218 0.050000 0.100000
0 0.377065 0.057510 0.050000 0.100000
0 0.644005 0.498304 0.050000 0.100000
0 0.545442 0.475032 0.050000 0.100000
0 0.506428 0.506517 0.050000 0.100000
0 0.446880 0.522944 0.050000 0.100000
0 0.382198 0.501042 0.050000 0.100000
0 0.389385 0.479139 0.050000 0.100000
0 0.478707 0.613294 0.050000 0.100000
0 0.496161 0.577701 0.050000 0.100000
0 0.199447 0.763875 0.050000 0.100000
0 0.734354 0.854224 0.050000 0.100000
0 0.900679 0.798098 0.050000 0.100000
0 0.898625 0.595498 0.050000 0.100000
0 0.950987 0.553061 0.050000 0.100000
0 0.810330 0.306654 0.050000 0.100000
0 0.339077 0.056141 0.050000 0.100000
