0 0.207731 0.188979 0.050000 0.100000
0 0.244444 0.181986 0.050000 0.100000
0 0.277224 0.176741 0.050000 0.100000
0 0.230021 0.216951 0.050000 0.100000
0 0.269356 0.213454 0.050000 0.100000
0 0.311314 0.091077 0.050000 0.100000
0 0.340161 0.078839 0.050000 0.100000
0 0.350650 0.082335 0.050000 0.100000
0 0.445056 0.213454 0.050000 0.100000
0 0.451612 0.209958 0.050000 0.100000
0 0.223465 0.330587 0.050000 0.100000
0 0.285091 0.334084 0.050000 0.100000
0 0.336227 0.320098 0.050000 0.100000
0 0.132993 0.585832 0.050000 0.100000
0 0.214286 0.598070 0.050000 0.100000
0 0.220842 0.778140 0.050000 0.100000
0 0.389986 0.507161 0.050000 0.100000
0 0.403098 0.528140 0.050000 0.100000
0 0.452923 0.528140 0.050000 0.100000
0 0.515860 0.531636 0.050000 0.100000
0 0.576175 0.521147 0.050000 0.100000
0 0.593220 0.498419 0.050000 0.100000
0 0.543395 0.472196 0.050000 0.100000
0 0.551262 0.358559 0.050000 0.100000
0 0.930196 0.921496 0.050000 0.100000
0 0.607643 0.265902 0.050000 0.100000
0 0.654846 0.244923 0.050000 0.100000
0 0.700738 0.185482 0.050000 0.100000
0 0.696804 0.307860 0.050000 0.100000
