0 0.311314 0.096321 0.050000 0.100000
0 0.257556 0.206461 0.050000 0.100000
0 0.292958 0.234433 0.050000 0.100000
0 0.320493 0.211706 0.050000 0.100000
0 0.442433 0.206461 0.050000 0.100000
0 0.454234 0.206461 0.050000 0.100000
0 0.543395 0.213454 0.050000 0.100000
0 0.707293 0.106811 0.050000 0.100000
0 0.774164 0.120797 0.050000 0.100000
0 0.771542 0.197720 0.050000 0.100000
0 0.782031 0.269398 0.050000 0.100000
0 0.799077 0.297370 0.050000 0.100000
0 0.856769 0.285133 0.050000 0.100000
0 0.543395 0.465203 0.050000 0.100000
0 0.578797 0.493175 0.050000 0.100000
0 0.555196 0.538629 0.050000 0.100000
0 0.506682 0.535133 0.050000 0.100000
0 0.392608 0.507161 0.050000 0.100000
0 0.410965 0.538629 0.050000 0.100000
0 0.310003 0.358559 0.050000 0.100000
0 0.302136 0.440727 0.050000 0.100000
0 0.121192 0.557860 0.050000 0.100000
0 0.020648 0.907510 0.041297 0.100000
0 0.091035 0.958308 0.050000 0.079218
0 0.188063 0.786881 0.050000 0.100000
0 0.278535 0.786881 0.050000 0.100000
0 0.348028 0.772895 0.050000 0.100000
0 0.405720 0.809608 0.050000 0.100000
0 0.407031 0.762405 0.050000 0.100000
0 0.492259 0.727440 0.050000 0.100000
