0 0.397390 0.227519 0.050000 0.100000
0 0.408878 0.157497 0.050000 0.100000
0 0.451547 0.207825 0.050000 0.100000
0 0.367849 0.089663 0.050000 0.100000
0 0.277587 0.080910 0.050000 0.100000
0 0.302204 0.089663 0.050000 0.100000
0 0.295639 0.148744 0.050000 0.100000
0 0.267740 0.148744 0.050000 0.100000
0 0.344873 0.150932 0.050000 0.100000
0 0.269381 0.192508 0.050000 0.100000
0 0.264457 0.177190 0.050000 0.100000
0 0.221788 0.328175 0.050000 0.100000
0 0.180759 0.332552 0.050000 0.100000
0 0.397390 0.507606 0.050000 0.100000
0 0.403954 0.529488 0.050000 0.100000
0 0.507346 0.538241 0.050000 0.100000
0 0.554939 0.470407 0.050000 0.100000
0 0.441700 0.627956 0.050000 0.100000
0 0.431853 0.656403 0.050000 0.100000
0 0.486011 0.737366 0.050000 0.100000
0 0.397390 0.803011 0.050000 0.100000
0 0.323538 0.824893 0.050000 0.100000
0 0.313692 0.805199 0.050000 0.100000
0 0.198812 0.781129 0.050000 0.100000
0 0.162707 0.746118 0.050000 0.100000
0 0.197171 0.599510 0.050000 0.100000
0 0.126602 0.603886 0.050000 0.100000
0 0.070803 0.645462 0.050000 0.100000
0 0.024105 0.680473 0.048210 0.100000
0 0.056033 0.485724 0.050000 0.100000
0 0.717411 0.463843 0.050000 0.100000
0 0.761722 0.459466 0.050000 0.100000
0 0.806033 0.325987 0.050000 0.100000
0 0.866755 0.323799 0.050000 0.100000
0 0.889731 0.293164 0.050000 0.100000
0 0.796186 0.212201 0.050000 0.100000
0 0.773210 0.199072 0.050000 0.100000
0 0.707565 0.192508 0.050000 0.100000
0 0.676383 0.242836 0.050000 0.100000
0 0.666536 0.168438 0.050000 0.100000
0 0.551657 0.216578 0.050000 0.100000
0 0.569709 0.199072 0.050000 0.100000
