0 0.765005 0.304320 0.050000 0.100000
0 0.773684 0.240032 0.050000 0.100000
0 0.746683 0.202745 0.050000 0.100000
0 0.784291 0.211746 0.050000 0.100000
0 0.851794 0.492041 0.050000 0.100000
0 0.743790 0.485613 0.050000 0.100000
0 0.714860 0.452183 0.050000 0.100000
0 0.638679 0.441897 0.050000 0.100000
0 0.504639 0.530614 0.050000 0.100000
0 0.546104 0.471469 0.050000 0.100000
0 0.405314 0.531900 0.050000 0.100000
0 0.401456 0.504899 0.050000 0.100000
0 0.413992 0.481755 0.050000 0.100000
0 0.292488 0.444468 0.050000 0.100000
0 0.278988 0.524185 0.050000 0.100000
0 0.223057 0.449611 0.050000 0.100000
0 0.124696 0.533186 0.050000 0.100000
0 0.278988 0.540900 0.050000 0.100000
0 0.185449 0.517757 0.050000 0.100000
0 0.057194 0.632189 0.050000 0.100000
0 0.015060 0.567901 0.030121 0.100000
0 0.109267 0.681048 0.050000 0.100000
0 0.143983 0.679762 0.050000 0.100000
0 0.887474 0.962988 0.050000 0.069858
0 0.312739 0.200174 0.050000 0.100000
0 0.288631 0.166744 0.050000 0.100000
0 0.212450 0.160315 0.050000 0.100000
0 0.198949 0.138457 0.050000 0.100000
0 0.286702 0.096027 0.050000 0.100000
0 0.307917 0.094741 0.050000 0.100000
0 0.346490 0.101170 0.050000 0.100000
0 0.443886 0.211746 0.050000 0.100000
0 0.230772 0.043441 0.050000 0.086882
0 0.214378 0.538329 0.050000 0.100000
