0 0.122232 0.517165 0.050000 0.100000
0 0.163242 0.613905 0.050000 0.100000
0 0.194788 0.490526 0.050000 0.100000
0 0.238952 0.503145 0.050000 0.100000
0 0.398783 0.508753 0.050000 0.100000
0 0.409299 0.529783 0.050000 0.100000
0 0.415608 0.482114 0.050000 0.100000
0 0.298889 0.372756 0.050000 0.100000
0 0.275755 0.259191 0.050000 0.100000
0 0.229488 0.261995 0.050000 0.100000
0 0.344104 0.224140 0.050000 0.100000
0 0.337795 0.141420 0.050000 0.100000
0 0.300992 0.140018 0.050000 0.100000
0 0.283116 0.096555 0.050000 0.100000
0 0.293631 0.092349 0.050000 0.100000
0 0.238952 0.111978 0.050000 0.100000
0 0.237900 0.138616 0.050000 0.100000
0 0.206354 0.137214 0.050000 0.100000
0 0.205303 0.114782 0.050000 0.100000
0 0.194788 0.050288 0.050000 0.100000
0 0.256828 0.062906 0.050000 0.100000
0 0.330434 0.088143 0.050000 0.100000
0 0.348310 0.089545 0.050000 0.100000
0 0.363032 0.086741 0.050000 0.100000
0 0.443999 0.211522 0.050000 0.100000
0 0.670077 0.170863 0.050000 0.100000
0 0.681644 0.148430 0.050000 0.100000
0 0.666922 0.254985 0.050000 0.100000
0 0.792054 0.278819 0.050000 0.100000
0 0.843578 0.263397 0.050000 0.100000
0 0.885639 0.388178 0.050000 0.100000
0 0.754199 0.393786 0.050000 0.100000
0 0.703726 0.402198 0.050000 0.100000
0 0.545997 0.475104 0.050000 0.100000
0 0.559667 0.493330 0.050000 0.100000
0 0.552306 0.526979 0.050000 0.100000
0 0.510245 0.533989 0.050000 0.100000
0 0.517606 0.571844 0.050000 0.100000
0 0.485008 0.747098 0.050000 0.100000
0 0.661665 0.553618 0.050000 0.100000
0 0.764714 0.566236 0.050000 0.100000
0 0.981063 0.798974 0.034749 0.100000
