0 0.220121 0.076513 0.050000 0.100000
0 0.204398 0.135214 0.050000 0.100000
0 0.273580 0.093285 0.050000 0.100000
0 0.286159 0.093285 0.050000 0.100000
0 0.306599 0.133117 0.050000 0.100000
0 0.358486 0.082803 0.050000 0.100000
0 0.430813 0.221167 0.050000 0.100000
0 0.375781 0.244228 0.050000 0.100000
0 0.257857 0.267289 0.050000 0.100000
0 0.160372 0.432907 0.050000 0.100000
0 0.044020 0.458065 0.050000 0.100000
0 0.059744 0.502090 0.050000 0.100000
0 0.207542 0.430811 0.050000 0.100000
0 0.273580 0.439197 0.050000 0.100000
0 0.388360 0.497897 0.050000 0.100000
0 0.415089 0.766241 0.050000 0.100000
0 0.682385 0.902509 0.050000 0.100000
0 0.778297 0.950370 0.050000 0.095093
0 0.550310 0.466450 0.050000 0.100000
