0 0.019848 0.616845 0.039697 0.100000
0 0.132739 0.574618 0.050000 0.100000
0 0.157691 0.620683 0.050000 0.100000
0 0.158651 0.513198 0.050000 0.100000
0 0.217192 0.519596 0.050000 0.100000
0 0.141376 0.418508 0.050000 0.100000
0 0.119303 0.405712 0.050000 0.100000
0 0.113545 0.381400 0.050000 0.100000
0 0.171127 0.308463 0.050000 0.100000
0 0.299726 0.303345 0.050000 0.100000
0 0.363065 0.266237 0.050000 0.100000
0 0.414889 0.479928 0.050000 0.100000
0 0.399534 0.505520 0.050000 0.100000
0 0.412969 0.531112 0.050000 0.100000
0 0.509898 0.531112 0.050000 0.100000
0 0.547326 0.523435 0.050000 0.100000
0 0.561722 0.501681 0.050000 0.100000
0 0.542528 0.467133 0.050000 0.100000
0 0.405292 0.842053 0.050000 0.100000
0 0.717192 0.369884 0.050000 0.100000
0 0.639457 0.158751 0.050000 0.100000
0 0.600109 0.148514 0.050000 0.100000
0 0.448478 0.211214 0.050000 0.100000
0 0.363065 0.087094 0.050000 0.100000
0 0.375541 0.075578 0.050000 0.100000
0 0.308363 0.120363 0.050000 0.100000
0 0.267096 0.106288 0.050000 0.100000
0 0.271894 0.079417 0.050000 0.100000
0 0.236386 0.079417 0.050000 0.100000
0 0.233507 0.115245 0.050000 0.100000
0 0.202797 0.142117 0.050000 0.100000
0 0.199918 0.166429 0.050000 0.100000
0 0.199918 0.089653 0.050000 0.100000
0 0.179764 0.064062 0.050000 0.100000
