0 0.191233 0.380576 0.050000 0.100000
0 0.239488 0.375101 0.050000 0.100000
0 0.284662 0.262849 0.050000 0.100000
0 0.313410 0.246422 0.050000 0.100000
0 0.395545 0.234101 0.050000 0.100000
0 0.429426 0.223150 0.050000 0.100000
0 0.446880 0.216305 0.050000 0.100000
0 0.454067 0.205354 0.050000 0.100000
0 0.740514 0.425751 0.050000 0.100000
0 0.773369 0.501042 0.050000 0.100000
0 0.799036 0.465450 0.050000 0.100000
0 0.791849 0.403848 0.050000 0.100000
0 0.738461 0.343615 0.050000 0.100000
0 0.506428 0.546216 0.050000 0.100000
0 0.498215 0.583177 0.050000 0.100000
0 0.472547 0.616031 0.050000 0.100000
0 0.453040 0.520207 0.050000 0.100000
0 0.361664 0.491459 0.050000 0.100000
0 0.383225 0.477770 0.050000 0.100000
0 0.550576 0.472294 0.050000 0.100000
0 0.262075 0.783040 0.050000 0.100000
0 0.238461 0.120480 0.050000 0.100000
0 0.223061 0.095840 0.050000 0.100000
0 0.282609 0.095840 0.050000 0.100000
0 0.294929 0.095840 0.050000 0.100000
0 0.305196 0.135539 0.050000 0.100000
0 0.748728 0.131432 0.050000 0.100000
0 0.743594 0.112267 0.050000 0.100000
0 0.549549 0.190296 0.050000 0.100000
