0 0.181278 0.139519 0.050000 0.100000
0 0.203477 0.141634 0.050000 0.100000
0 0.211405 0.135291 0.050000 0.100000
0 0.274830 0.093008 0.050000 0.100000
0 0.284344 0.097236 0.050000 0.100000
0 0.292272 0.090894 0.050000 0.100000
0 0.341426 0.090894 0.050000 0.100000
0 0.346183 0.082437 0.050000 0.100000
0 0.339840 0.147976 0.050000 0.100000
0 0.314470 0.147976 0.050000 0.100000
0 0.289100 0.209287 0.050000 0.100000
0 0.247874 0.217744 0.050000 0.100000
0 0.133709 0.403790 0.050000 0.100000
0 0.023858 0.549667 0.047716 0.100000
0 0.124196 0.575037 0.050000 0.100000
0 0.395337 0.482014 0.050000 0.100000
0 0.395337 0.511612 0.050000 0.100000
0 0.457177 0.526412 0.050000 0.100000
0 0.522187 0.534868 0.050000 0.100000
0 0.544386 0.469329 0.050000 0.100000
0 0.452420 0.642691 0.050000 0.100000
0 0.441320 0.803367 0.050000 0.100000
0 0.779058 0.958094 0.050000 0.079645
0 0.731489 0.234657 0.050000 0.100000
0 0.840898 0.171232 0.050000 0.100000
0 0.661722 0.093008 0.050000 0.100000
0 0.644280 0.090894 0.050000 0.100000
0 0.403265 0.217744 0.050000 0.100000
0 0.446077 0.202944 0.050000 0.100000
0 0.460348 0.192374 0.050000 0.100000
0 0.458762 0.207173 0.050000 0.100000
0 0.422293 0.050725 0.050000 0.100000
0 0.358868 0.097236 0.050000 0.100000
0 0.365210 0.084551 0.050000 0.100000
