0 0.230021 0.126042 0.050000 0.100000
0 0.273290 0.112056 0.050000 0.100000
0 0.302136 0.112056 0.050000 0.100000
0 0.315248 0.091077 0.050000 0.100000
0 0.337538 0.073594 0.050000 0.100000
0 0.346717 0.075342 0.050000 0.100000
0 0.369007 0.136531 0.050000 0.100000
0 0.438500 0.215203 0.050000 0.100000
0 0.451612 0.213454 0.050000 0.100000
0 0.268045 0.218699 0.050000 0.100000
0 0.101524 0.605063 0.050000 0.100000
0 0.184129 0.552615 0.050000 0.100000
0 0.275912 0.807860 0.050000 0.100000
0 0.389986 0.512405 0.050000 0.100000
0 0.404409 0.519398 0.050000 0.100000
0 0.450300 0.540377 0.050000 0.100000
0 0.518482 0.547370 0.050000 0.100000
0 0.564374 0.526391 0.050000 0.100000
0 0.585353 0.498419 0.050000 0.100000
0 0.540773 0.463454 0.050000 0.100000
0 0.753185 0.942475 0.050000 0.100000
0 0.974762 0.891776 0.047350 0.100000
0 0.977385 0.802615 0.042106 0.100000
0 0.788587 0.251916 0.050000 0.100000
0 0.783342 0.190727 0.050000 0.100000
0 0.736140 0.171496 0.050000 0.100000
0 0.664024 0.110307 0.050000 0.100000
