0 0.208687 0.754293 0.050000 0.100000
0 0.375011 0.491459 0.050000 0.100000
0 0.384251 0.475032 0.050000 0.100000
0 0.459200 0.528420 0.050000 0.100000
0 0.496161 0.536634 0.050000 0.100000
0 0.487948 0.583177 0.050000 0.100000
0 0.473574 0.603711 0.050000 0.100000
0 0.548523 0.470925 0.050000 0.100000
0 0.727167 0.594129 0.050000 0.100000
0 0.721007 0.509255 0.050000 0.100000
0 0.812383 0.609187 0.050000 0.100000
0 0.804169 0.484615 0.050000 0.100000
0 0.832917 0.402479 0.050000 0.100000
0 0.829837 0.225888 0.050000 0.100000
0 0.825730 0.179344 0.050000 0.100000
0 0.784662 0.221781 0.050000 0.100000
0 0.629631 0.240946 0.050000 0.100000
0 0.552629 0.201247 0.050000 0.100000
0 0.454067 0.209461 0.050000 0.100000
0 0.438666 0.225888 0.050000 0.100000
0 0.398625 0.266955 0.050000 0.100000
0 0.230247 0.340877 0.050000 0.100000
0 0.181993 0.365518 0.050000 0.100000
0 0.188153 0.327188 0.050000 0.100000
0 0.188153 0.309392 0.050000 0.100000
0 0.218954 0.084888 0.050000 0.100000
0 0.198420 0.084888 0.050000 0.100000
0 0.273369 0.104053 0.050000 0.100000
0 0.288769 0.098578 0.050000 0.100000
0 0.201500 0.046226 0.050000 0.092452
0 0.188153 0.045541 0.050000 0.091083
