0 0.015060 0.528043 0.030121 0.100000
0 0.129518 0.402038 0.050000 0.100000
0 0.187377 0.468898 0.050000 0.100000
0 0.250058 0.421325 0.050000 0.100000
0 0.216307 0.282462 0.050000 0.100000
0 0.402421 0.528043 0.050000 0.100000
0 0.393742 0.501042 0.050000 0.100000
0 0.448708 0.633475 0.050000 0.100000
0 0.505603 0.537043 0.050000 0.100000
0 0.544176 0.472755 0.050000 0.100000
0 0.690752 0.560187 0.050000 0.100000
0 0.741861 0.584616 0.050000 0.100000
0 0.380241 0.803195 0.050000 0.100000
0 0.315632 0.773623 0.050000 0.100000
0 0.272237 0.783909 0.050000 0.100000
0 0.207628 0.151315 0.050000 0.100000
0 0.239450 0.148743 0.050000 0.100000
0 0.268380 0.146172 0.050000 0.100000
0 0.321418 0.170601 0.050000 0.100000
0 0.280916 0.096027 0.050000 0.100000
0 0.312739 0.103742 0.050000 0.100000
0 0.339740 0.098599 0.050000 0.100000
0 0.351312 0.051026 0.050000 0.100000
0 0.272237 0.048584 0.050000 0.097168
0 0.308882 0.067740 0.050000 0.100000
0 0.621321 0.162887 0.050000 0.100000
0 0.647358 0.178316 0.050000 0.100000
0 0.719682 0.153886 0.050000 0.100000
0 0.763076 0.161601 0.050000 0.100000
0 0.446779 0.209174 0.050000 0.100000
0 0.381206 0.054883 0.050000 0.100000
0 0.411099 0.044084 0.050000 0.088168
