0 0.344561 0.097313 0.050000 0.100000
0 0.304060 0.098599 0.050000 0.100000
0 0.310810 0.092170 0.050000 0.100000
0 0.281881 0.088313 0.050000 0.100000
0 0.246201 0.088313 0.050000 0.100000
0 0.228843 0.088313 0.050000 0.100000
0 0.265487 0.170601 0.050000 0.100000
0 0.294417 0.201460 0.050000 0.100000
0 0.320453 0.186030 0.050000 0.100000
0 0.243308 0.300463 0.050000 0.100000
0 0.390849 0.502327 0.050000 0.100000
0 0.407242 0.535757 0.050000 0.100000
0 0.441958 0.591045 0.050000 0.100000
0 0.442922 0.643761 0.050000 0.100000
0 0.367705 0.787766 0.050000 0.100000
0 0.320453 0.771051 0.050000 0.100000
0 0.302131 0.753051 0.050000 0.100000
0 0.733182 0.711906 0.050000 0.100000
0 0.602035 0.520328 0.050000 0.100000
0 0.506567 0.526757 0.050000 0.100000
0 0.547069 0.466326 0.050000 0.100000
0 0.648322 0.517757 0.050000 0.100000
0 0.732218 0.498470 0.050000 0.100000
0 0.751504 0.574330 0.050000 0.100000
0 0.814185 0.659190 0.050000 0.100000
0 0.797792 0.760765 0.050000 0.100000
0 0.788149 0.855911 0.050000 0.100000
0 0.855651 0.876484 0.050000 0.100000
0 0.956905 0.859769 0.050000 0.100000
0 0.894224 0.495899 0.050000 0.100000
0 0.753433 0.153886 0.050000 0.100000
0 0.619393 0.155172 0.050000 0.100000
0 0.446779 0.207888 0.050000 0.100000
