0 0.275945 0.269094 0.050000 0.100000
0 0.336667 0.207825 0.050000 0.100000
0 0.372772 0.205637 0.050000 0.100000
0 0.313692 0.083099 0.050000 0.100000
0 0.417083 0.049044 0.050000 0.098088
0 0.374414 0.047950 0.050000 0.095899
0 0.446624 0.207825 0.050000 0.100000
0 0.458112 0.203449 0.050000 0.100000
0 0.543451 0.216578 0.050000 0.100000
0 0.694436 0.260341 0.050000 0.100000
0 0.742029 0.277847 0.050000 0.100000
0 0.646843 0.422267 0.050000 0.100000
0 0.551657 0.474783 0.050000 0.100000
0 0.572991 0.494477 0.050000 0.100000
0 0.561503 0.529488 0.050000 0.100000
0 0.510628 0.544805 0.050000 0.100000
0 0.495858 0.612639 0.050000 0.100000
0 0.408878 0.527300 0.050000 0.100000
0 0.395748 0.511983 0.050000 0.100000
0 0.238199 0.382880 0.050000 0.100000
0 0.139731 0.374127 0.050000 0.100000
0 0.211941 0.706731 0.050000 0.100000
0 0.042904 0.960803 0.050000 0.074227
0 0.271022 0.770188 0.050000 0.100000
0 0.325179 0.785506 0.050000 0.100000
0 0.390825 0.759247 0.050000 0.100000
0 0.420365 0.783317 0.050000 0.100000
0 0.497499 0.732989 0.050000 0.100000
0 0.732182 0.654215 0.050000 0.100000
0 0.817521 0.728613 0.050000 0.100000
0 0.861832 0.562311 0.050000 0.100000
0 0.937324 0.544805 0.050000 0.100000
