0 0.129518 0.564044 0.050000 0.100000
0 0.141090 0.490756 0.050000 0.100000
0 0.280916 0.747908 0.050000 0.100000
0 0.310810 0.765908 0.050000 0.100000
0 0.371562 0.800624 0.050000 0.100000
0 0.452565 0.648904 0.050000 0.100000
0 0.407242 0.524185 0.050000 0.100000
0 0.396635 0.503613 0.050000 0.100000
0 0.495960 0.538329 0.050000 0.100000
0 0.595285 0.507470 0.050000 0.100000
0 0.548033 0.472755 0.050000 0.100000
0 0.670502 0.498470 0.050000 0.100000
0 0.789113 0.525471 0.050000 0.100000
0 0.378313 0.225889 0.050000 0.100000
0 0.314667 0.220746 0.050000 0.100000
0 0.314667 0.205317 0.050000 0.100000
0 0.256808 0.218174 0.050000 0.100000
0 0.197985 0.110171 0.050000 0.100000
0 0.195092 0.063883 0.050000 0.100000
0 0.206664 0.063883 0.050000 0.100000
0 0.250058 0.108885 0.050000 0.100000
0 0.290559 0.108885 0.050000 0.100000
0 0.286702 0.090884 0.050000 0.100000
0 0.312739 0.092170 0.050000 0.100000
0 0.343597 0.098599 0.050000 0.100000
0 0.456423 0.206603 0.050000 0.100000
0 0.588534 0.159029 0.050000 0.100000
0 0.590463 0.088313 0.050000 0.100000
0 0.611678 0.092170 0.050000 0.100000
0 0.624214 0.155172 0.050000 0.100000
0 0.811292 0.174459 0.050000 0.100000
0 0.835400 0.178316 0.050000 0.100000
0 0.369634 0.206603 0.050000 0.100000
