0 0.046367 0.533671 0.050000 0.100000
0 0.103948 0.529832 0.050000 0.100000
0 0.129860 0.578457 0.050000 0.100000
0 0.169207 0.734567 0.050000 0.100000
0 0.206635 0.715373 0.050000 0.100000
0 0.501261 0.542628 0.050000 0.100000
0 0.412010 0.534951 0.050000 0.100000
0 0.402413 0.505520 0.050000 0.100000
0 0.413929 0.478649 0.050000 0.100000
0 0.553085 0.470971 0.050000 0.100000
0 0.946559 0.913710 0.050000 0.100000
0 0.227749 0.271355 0.050000 0.100000
0 0.221990 0.213774 0.050000 0.100000
0 0.257499 0.230408 0.050000 0.100000
0 0.291088 0.213774 0.050000 0.100000
0 0.349630 0.216333 0.050000 0.100000
0 0.436962 0.227849 0.050000 0.100000
0 0.436962 0.207376 0.050000 0.100000
0 0.343871 0.157472 0.050000 0.100000
0 0.306443 0.152353 0.050000 0.100000
0 0.241184 0.160031 0.050000 0.100000
0 0.210474 0.158751 0.050000 0.100000
0 0.184562 0.062782 0.050000 0.100000
0 0.208555 0.044875 0.050000 0.089749
0 0.309323 0.090933 0.050000 0.100000
0 0.346751 0.102449 0.050000 0.100000
0 0.674966 0.115245 0.050000 0.100000
0 0.701837 0.131880 0.050000 0.100000
0 0.684562 0.212494 0.050000 0.100000
0 0.728708 0.273914 0.050000 0.100000
0 0.775733 0.317420 0.050000 0.100000
0 0.824678 0.317420 0.050000 0.100000
