0 0.387332 0.479139 0.050000 0.100000
0 0.392465 0.491459 0.050000 0.100000
0 0.240514 0.499673 0.050000 0.100000
0 0.450987 0.525682 0.050000 0.100000
0 0.510535 0.546216 0.050000 0.100000
0 0.488974 0.613294 0.050000 0.100000
0 0.468440 0.600973 0.050000 0.100000
0 0.539282 0.476401 0.050000 0.100000
0 0.692260 0.310761 0.050000 0.100000
0 0.686100 0.190296 0.050000 0.100000
0 0.672753 0.175237 0.050000 0.100000
0 0.714847 0.095840 0.050000 0.100000
0 0.546469 0.197140 0.050000 0.100000
0 0.545442 0.113636 0.050000 0.100000
0 0.309303 0.243684 0.050000 0.100000
0 0.289796 0.232732 0.050000 0.100000
0 0.247701 0.253266 0.050000 0.100000
0 0.249755 0.212198 0.050000 0.100000
0 0.241541 0.173868 0.050000 0.100000
0 0.209713 0.249159 0.050000 0.100000
0 0.441746 0.217674 0.050000 0.100000
0 0.456120 0.202616 0.050000 0.100000
0 0.289796 0.094471 0.050000 0.100000
0 0.274395 0.097209 0.050000 0.100000
0 0.344210 0.043488 0.050000 0.086976
0 0.354477 0.061617 0.050000 0.100000
0 0.364744 0.082150 0.050000 0.100000
0 0.364744 0.043488 0.050000 0.086976
