0 0.165369 0.469692 0.050000 0.100000
0 0.127941 0.376282 0.050000 0.100000
0 0.203756 0.459455 0.050000 0.100000
0 0.204716 0.367324 0.050000 0.100000
0 0.312202 0.375002 0.050000 0.100000
0 0.370743 0.375002 0.050000 0.100000
0 0.409131 0.469692 0.050000 0.100000
0 0.391856 0.515757 0.050000 0.100000
0 0.412010 0.533671 0.050000 0.100000
0 0.445599 0.541349 0.050000 0.100000
0 0.471511 0.630920 0.050000 0.100000
0 0.504140 0.537510 0.050000 0.100000
0 0.549246 0.528553 0.050000 0.100000
0 0.561722 0.496563 0.050000 0.100000
0 0.542528 0.476090 0.050000 0.100000
0 0.657691 0.236806 0.050000 0.100000
0 0.751741 0.230408 0.050000 0.100000
0 0.793967 0.231688 0.050000 0.100000
0 0.749822 0.330216 0.050000 0.100000
0 0.847710 0.404433 0.050000 0.100000
0 0.611626 0.097331 0.050000 0.100000
0 0.563641 0.135719 0.050000 0.100000
0 0.448478 0.208655 0.050000 0.100000
0 0.388017 0.179225 0.050000 0.100000
0 0.346751 0.181784 0.050000 0.100000
0 0.309323 0.153633 0.050000 0.100000
0 0.187442 0.174106 0.050000 0.100000
0 0.201837 0.117804 0.050000 0.100000
0 0.211434 0.090933 0.050000 0.100000
0 0.232547 0.094772 0.050000 0.100000
0 0.272854 0.097331 0.050000 0.100000
0 0.287250 0.096051 0.050000 0.100000
0 0.312202 0.085815 0.050000 0.100000
0 0.330436 0.076857 0.050000 0.100000
0 0.366904 0.087094 0.050000 0.100000
0 0.217192 0.044235 0.050000 0.088470
