0 0.575034 0.816053 0.050000 0.100000
0 0.679180 0.835339 0.050000 0.100000
0 0.374455 0.795481 0.050000 0.100000
0 0.332990 0.783909 0.050000 0.100000
0 0.306953 0.783909 0.050000 0.100000
0 0.449672 0.566615 0.050000 0.100000
0 0.444851 0.642475 0.050000 0.100000
0 0.405314 0.534471 0.050000 0.100000
0 0.391813 0.502327 0.050000 0.100000
0 0.502710 0.533186 0.050000 0.100000
0 0.544176 0.470183 0.050000 0.100000
0 0.287666 0.349322 0.050000 0.100000
0 0.243308 0.391752 0.050000 0.100000
0 0.161341 0.391752 0.050000 0.100000
0 0.247165 0.297892 0.050000 0.100000
0 0.243308 0.182173 0.050000 0.100000
0 0.264523 0.188602 0.050000 0.100000
0 0.264523 0.153886 0.050000 0.100000
0 0.221128 0.135886 0.050000 0.100000
0 0.285738 0.094741 0.050000 0.100000
0 0.309846 0.098599 0.050000 0.100000
0 0.344561 0.102456 0.050000 0.100000
0 0.381206 0.060026 0.050000 0.100000
0 0.640608 0.197602 0.050000 0.100000
0 0.672430 0.207888 0.050000 0.100000
0 0.724504 0.171887 0.050000 0.100000
0 0.771755 0.164172 0.050000 0.100000
0 0.566355 0.079312 0.050000 0.100000
0 0.372527 0.049870 0.050000 0.099740
0 0.408207 0.047298 0.050000 0.094597
0 0.430386 0.047941 0.050000 0.095883
