0 0.019463 0.585865 0.038925 0.100000
0 0.079120 0.430239 0.050000 0.100000
0 0.125387 0.410611 0.050000 0.100000
0 0.263137 0.437249 0.050000 0.100000
0 0.234745 0.287232 0.050000 0.100000
0 0.263137 0.756913 0.050000 0.100000
0 0.319919 0.784953 0.050000 0.100000
0 0.370392 0.787757 0.050000 0.100000
0 0.417711 0.780747 0.050000 0.100000
0 0.411402 0.531185 0.050000 0.100000
0 0.398783 0.504547 0.050000 0.100000
0 0.416659 0.476506 0.050000 0.100000
0 0.512348 0.535391 0.050000 0.100000
0 0.549151 0.524175 0.050000 0.100000
0 0.576491 0.494733 0.050000 0.100000
0 0.541791 0.468094 0.050000 0.100000
0 0.851991 0.919549 0.050000 0.100000
0 0.836218 0.319478 0.050000 0.100000
0 0.848836 0.348921 0.050000 0.100000
0 0.723704 0.249377 0.050000 0.100000
0 0.596470 0.118988 0.050000 0.100000
0 0.552306 0.194697 0.050000 0.100000
0 0.442947 0.191893 0.050000 0.100000
0 0.366186 0.163853 0.050000 0.100000
0 0.333589 0.168059 0.050000 0.100000
0 0.285219 0.180677 0.050000 0.100000
0 0.285219 0.154039 0.050000 0.100000
0 0.287322 0.088143 0.050000 0.100000
0 0.272600 0.095153 0.050000 0.100000
0 0.206354 0.061504 0.050000 0.100000
0 0.263137 0.102163 0.050000 0.100000
0 0.319919 0.089545 0.050000 0.100000
0 0.336743 0.138616 0.050000 0.100000
0 0.368289 0.081133 0.050000 0.100000
0 0.245261 0.173667 0.050000 0.100000
0 0.212663 0.163853 0.050000 0.100000
0 0.183221 0.134410 0.050000 0.100000
