0 0.045442 0.557168 0.050000 0.100000
0 0.048523 0.517469 0.050000 0.100000
0 0.191233 0.397003 0.050000 0.100000
0 0.238461 0.410693 0.050000 0.100000
0 0.378091 0.479139 0.050000 0.100000
0 0.396572 0.503780 0.050000 0.100000
0 0.453040 0.527051 0.050000 0.100000
0 0.501295 0.536634 0.050000 0.100000
0 0.543389 0.472294 0.050000 0.100000
0 0.481787 0.610556 0.050000 0.100000
0 0.302116 0.266955 0.050000 0.100000
0 0.397598 0.201247 0.050000 0.100000
0 0.437640 0.216305 0.050000 0.100000
0 0.453040 0.205354 0.050000 0.100000
0 0.334970 0.145121 0.050000 0.100000
0 0.314436 0.161548 0.050000 0.100000
0 0.307249 0.119111 0.050000 0.100000
0 0.294929 0.093102 0.050000 0.100000
0 0.277475 0.102684 0.050000 0.100000
0 0.594724 0.134170 0.050000 0.100000
0 0.621418 0.116374 0.050000 0.100000
0 0.564950 0.183451 0.050000 0.100000
0 0.753861 0.236839 0.050000 0.100000
0 0.799036 0.220412 0.050000 0.100000
0 0.768235 0.106791 0.050000 0.100000
0 0.714847 0.091733 0.050000 0.100000
