0 0.236775 0.076095 0.050000 0.100000
0 0.270073 0.084551 0.050000 0.100000
0 0.289100 0.086665 0.050000 0.100000
0 0.343012 0.093008 0.050000 0.100000
0 0.355697 0.093008 0.050000 0.100000
0 0.330327 0.384763 0.050000 0.100000
0 0.273244 0.395333 0.050000 0.100000
0 0.208234 0.331908 0.050000 0.100000
0 0.165422 0.327680 0.050000 0.100000
0 0.100411 0.623663 0.050000 0.100000
0 0.144809 0.638462 0.050000 0.100000
0 0.203477 0.737828 0.050000 0.100000
0 0.295443 0.746285 0.050000 0.100000
0 0.541215 0.469329 0.050000 0.100000
0 0.655380 0.348822 0.050000 0.100000
0 0.723561 0.331908 0.050000 0.100000
0 0.779058 0.093008 0.050000 0.100000
0 0.737832 0.572923 0.050000 0.100000
0 0.821870 0.551782 0.050000 0.100000
0 0.864682 0.663832 0.050000 0.100000
0 0.777473 0.655376 0.050000 0.100000
0 0.685506 0.822395 0.050000 0.100000
