0 0.050729 0.719058 0.050000 0.100000
0 0.018411 0.776541 0.036822 0.100000
0 0.013679 0.682605 0.027359 0.100000
0 0.060192 0.618111 0.050000 0.100000
0 0.081223 0.533989 0.050000 0.100000
0 0.089635 0.748500 0.050000 0.100000
0 0.113820 0.748500 0.050000 0.100000
0 0.111717 0.783551 0.050000 0.100000
0 0.173757 0.895714 0.050000 0.100000
0 0.307301 0.777943 0.050000 0.100000
0 0.526018 0.796170 0.050000 0.100000
0 0.434535 0.518567 0.050000 0.100000
0 0.404041 0.525577 0.050000 0.100000
0 0.391423 0.504547 0.050000 0.100000
0 0.451360 0.552216 0.050000 0.100000
0 0.513400 0.533989 0.050000 0.100000
0 0.547048 0.518567 0.050000 0.100000
0 0.561770 0.497537 0.050000 0.100000
0 0.530224 0.451269 0.050000 0.100000
0 0.649046 0.668585 0.050000 0.100000
0 0.747890 0.564834 0.050000 0.100000
0 0.769972 0.256387 0.050000 0.100000
0 0.818342 0.175069 0.050000 0.100000
0 0.560718 0.182079 0.050000 0.100000
0 0.445050 0.196100 0.050000 0.100000
0 0.290476 0.193295 0.050000 0.100000
0 0.269446 0.183481 0.050000 0.100000
0 0.194788 0.315272 0.050000 0.100000
0 0.190581 0.232552 0.050000 0.100000
0 0.206354 0.097957 0.050000 0.100000
0 0.248415 0.104967 0.050000 0.100000
0 0.294682 0.095153 0.050000 0.100000
0 0.276806 0.096555 0.050000 0.100000
0 0.322022 0.106369 0.050000 0.100000
0 0.354619 0.082535 0.050000 0.100000
0 0.281013 0.046639 0.050000 0.093278
0 0.305198 0.045938 0.050000 0.091876
0 0.419814 0.047340 0.050000 0.094680
0 0.398783 0.048742 0.050000 0.097484
