0 0.201842 0.778766 0.050000 0.100000
0 0.243308 0.773623 0.050000 0.100000
0 0.244272 0.598759 0.050000 0.100000
0 0.394706 0.504899 0.050000 0.100000
0 0.414957 0.522900 0.050000 0.100000
0 0.421707 0.475326 0.050000 0.100000
0 0.501746 0.531900 0.050000 0.100000
0 0.543211 0.474041 0.050000 0.100000
0 0.535497 0.612903 0.050000 0.100000
0 0.687859 0.450897 0.050000 0.100000
0 0.797792 0.416181 0.050000 0.100000
0 0.856615 0.390466 0.050000 0.100000
0 0.739933 0.211746 0.050000 0.100000
0 0.350347 0.282462 0.050000 0.100000
0 0.357098 0.251604 0.050000 0.100000
0 0.413992 0.290177 0.050000 0.100000
0 0.448708 0.211746 0.050000 0.100000
0 0.301167 0.238747 0.050000 0.100000
0 0.193163 0.171887 0.050000 0.100000
0 0.202806 0.081884 0.050000 0.100000
0 0.183520 0.083170 0.050000 0.100000
0 0.279952 0.083170 0.050000 0.100000
0 0.309846 0.092170 0.050000 0.100000
0 0.346490 0.092170 0.050000 0.100000
