0 0.553298 0.214390 0.050000 0.100000
0 0.444983 0.205637 0.050000 0.100000
0 0.453188 0.205637 0.050000 0.100000
0 0.371131 0.047950 0.050000 0.095899
0 0.395748 0.046856 0.050000 0.093711
0 0.302204 0.089663 0.050000 0.100000
0 0.215223 0.050276 0.050000 0.100000
0 0.239840 0.096228 0.050000 0.100000
0 0.210300 0.098416 0.050000 0.100000
0 0.223429 0.155309 0.050000 0.100000
0 0.220147 0.277847 0.050000 0.100000
0 0.215223 0.293164 0.050000 0.100000
0 0.277587 0.223142 0.050000 0.100000
0 0.295639 0.411326 0.050000 0.100000
0 0.330103 0.341304 0.050000 0.100000
0 0.377696 0.323799 0.050000 0.100000
0 0.020823 0.551370 0.041646 0.100000
0 0.049468 0.461654 0.050000 0.100000
0 0.087215 0.520735 0.050000 0.100000
0 0.128243 0.459466 0.050000 0.100000
0 0.129884 0.577628 0.050000 0.100000
0 0.120037 0.634521 0.050000 0.100000
0 0.044545 0.601698 0.050000 0.100000
0 0.060956 0.638897 0.050000 0.100000
0 0.249687 0.783317 0.050000 0.100000
0 0.310409 0.822705 0.050000 0.100000
0 0.407236 0.798635 0.050000 0.100000
0 0.402313 0.757059 0.050000 0.100000
0 0.459753 0.682661 0.050000 0.100000
0 0.461394 0.735177 0.050000 0.100000
0 0.523757 0.846775 0.050000 0.100000
0 0.674742 0.676096 0.050000 0.100000
0 0.722335 0.676096 0.050000 0.100000
0 0.494217 0.538241 0.050000 0.100000
0 0.387543 0.505418 0.050000 0.100000
0 0.420365 0.533864 0.050000 0.100000
0 0.548374 0.485724 0.050000 0.100000
0 0.653407 0.308481 0.050000 0.100000
0 0.682948 0.297541 0.050000 0.100000
0 0.858549 0.306293 0.050000 0.100000
0 0.778134 0.139991 0.050000 0.100000
0 0.714129 0.124674 0.050000 0.100000
