0 0.052832 0.699429 0.050000 0.100000
0 0.064398 0.647554 0.050000 0.100000
0 0.017360 0.641946 0.034719 0.100000
0 0.250518 0.796170 0.050000 0.100000
0 0.371444 0.820004 0.050000 0.100000
0 0.414556 0.784953 0.050000 0.100000
0 0.449257 0.678399 0.050000 0.100000
0 0.409299 0.531185 0.050000 0.100000
0 0.395629 0.505949 0.050000 0.100000
0 0.416659 0.486320 0.050000 0.100000
0 0.499730 0.522773 0.050000 0.100000
0 0.547048 0.524175 0.050000 0.100000
0 0.564924 0.494733 0.050000 0.100000
0 0.537585 0.466692 0.050000 0.100000
0 0.744735 0.636338 0.050000 0.100000
0 0.785744 0.590071 0.050000 0.100000
0 0.794157 0.198904 0.050000 0.100000
0 0.763662 0.172265 0.050000 0.100000
0 0.271549 0.319478 0.050000 0.100000
0 0.194788 0.348921 0.050000 0.100000
0 0.173757 0.336303 0.050000 0.100000
0 0.257879 0.240965 0.050000 0.100000
0 0.228436 0.159647 0.050000 0.100000
0 0.233694 0.102163 0.050000 0.100000
0 0.247364 0.133008 0.050000 0.100000
0 0.274703 0.099359 0.050000 0.100000
0 0.284167 0.090947 0.050000 0.100000
0 0.315713 0.096555 0.050000 0.100000
0 0.335692 0.107771 0.050000 0.100000
0 0.367238 0.159647 0.050000 0.100000
0 0.455566 0.212924 0.050000 0.100000
0 0.365135 0.083937 0.050000 0.100000
0 0.386165 0.089545 0.050000 0.100000
0 0.181118 0.081133 0.050000 0.100000
0 0.559667 0.200306 0.050000 0.100000
