0 0.218152 0.046794 0.050000 0.093588
0 0.221990 0.122923 0.050000 0.100000
0 0.223910 0.167708 0.050000 0.100000
0 0.201837 0.319980 0.050000 0.100000
0 0.024167 0.775514 0.048334 0.100000
0 0.294927 0.813902 0.050000 0.100000
0 0.499342 0.546467 0.050000 0.100000
0 0.412969 0.532392 0.050000 0.100000
0 0.396655 0.500402 0.050000 0.100000
0 0.414889 0.482488 0.050000 0.100000
0 0.551165 0.513198 0.050000 0.100000
0 0.560762 0.495284 0.050000 0.100000
0 0.532931 0.465853 0.050000 0.100000
0 0.719111 0.145955 0.050000 0.100000
0 0.445599 0.208655 0.050000 0.100000
0 0.300685 0.093492 0.050000 0.100000
0 0.340033 0.093492 0.050000 0.100000
0 0.354428 0.080696 0.050000 0.100000
0 0.364025 0.045514 0.050000 0.091029
