0 0.245099 0.225692 0.050000 0.100000
0 0.277879 0.216951 0.050000 0.100000
0 0.311970 0.091077 0.050000 0.100000
0 0.329016 0.073594 0.050000 0.100000
0 0.344750 0.082335 0.050000 0.100000
0 0.441778 0.211706 0.050000 0.100000
0 0.456201 0.211706 0.050000 0.100000
0 0.394575 0.508909 0.050000 0.100000
0 0.407687 0.533384 0.050000 0.100000
0 0.456201 0.526391 0.050000 0.100000
0 0.523071 0.538629 0.050000 0.100000
0 0.562407 0.515902 0.050000 0.100000
0 0.588631 0.491426 0.050000 0.100000
0 0.553229 0.463454 0.050000 0.100000
0 0.031376 0.673244 0.050000 0.100000
0 0.117914 0.727440 0.050000 0.100000
0 0.289680 0.762405 0.050000 0.100000
0 0.277879 0.821846 0.050000 0.100000
0 0.357862 0.772895 0.050000 0.100000
0 0.408998 0.764154 0.050000 0.100000
0 0.424732 0.734433 0.050000 0.100000
0 0.431288 0.797370 0.050000 0.100000
0 0.544050 0.902265 0.050000 0.100000
0 0.669925 0.856811 0.050000 0.100000
0 0.764330 0.846321 0.050000 0.100000
0 0.549295 0.650517 0.050000 0.100000
0 0.755152 0.313105 0.050000 0.100000
0 0.745974 0.244923 0.050000 0.100000
0 0.683036 0.124293 0.050000 0.100000
0 0.709260 0.143524 0.050000 0.100000
0 0.749907 0.141776 0.050000 0.100000
0 0.734173 0.171496 0.050000 0.100000
0 0.755152 0.173244 0.050000 0.100000
0 0.807599 0.239678 0.050000 0.100000
