0 0.423526 0.268796 0.050000 0.100000
0 0.456156 0.264957 0.050000 0.100000
0 0.196079 0.307184 0.050000 0.100000
0 0.243104 0.286710 0.050000 0.100000
0 0.281491 0.302065 0.050000 0.100000
0 0.208555 0.138278 0.050000 0.100000
0 0.216232 0.111406 0.050000 0.100000
0 0.198958 0.111406 0.050000 0.100000
0 0.185522 0.070459 0.050000 0.100000
0 0.307403 0.096051 0.050000 0.100000
0 0.340033 0.102449 0.050000 0.100000
0 0.340033 0.044235 0.050000 0.088470
0 0.672086 0.147235 0.050000 0.100000
0 0.666328 0.108847 0.050000 0.100000
0 0.745023 0.162590 0.050000 0.100000
0 0.765177 0.464573 0.050000 0.100000
0 0.531971 0.470971 0.050000 0.100000
0 0.505100 0.543908 0.050000 0.100000
0 0.406251 0.525994 0.050000 0.100000
0 0.412969 0.486326 0.050000 0.100000
0 0.393775 0.502961 0.050000 0.100000
0 0.228708 0.422347 0.050000 0.100000
0 0.174006 0.428745 0.050000 0.100000
0 0.076117 0.549026 0.050000 0.100000
0 0.024647 0.542628 0.049294 0.100000
0 0.164409 0.738406 0.050000 0.100000
0 0.199918 0.726889 0.050000 0.100000
