0 0.198720 0.213515 0.050000 0.100000
0 0.276415 0.205059 0.050000 0.100000
0 0.290686 0.188145 0.050000 0.100000
0 0.301785 0.219858 0.050000 0.100000
0 0.285929 0.088780 0.050000 0.100000
0 0.293857 0.090894 0.050000 0.100000
0 0.339840 0.090894 0.050000 0.100000
0 0.363625 0.093008 0.050000 0.100000
0 0.331912 0.116264 0.050000 0.100000
0 0.346183 0.099350 0.050000 0.100000
0 0.428635 0.202944 0.050000 0.100000
0 0.463519 0.194488 0.050000 0.100000
0 0.655380 0.272712 0.050000 0.100000
0 0.726733 0.293854 0.050000 0.100000
0 0.549143 0.465101 0.050000 0.100000
0 0.468276 0.522183 0.050000 0.100000
0 0.382652 0.520069 0.050000 0.100000
0 0.187621 0.619435 0.050000 0.100000
0 0.236775 0.642691 0.050000 0.100000
0 0.040158 0.477786 0.050000 0.100000
0 0.109925 0.448188 0.050000 0.100000
0 0.265316 0.773769 0.050000 0.100000
0 0.663308 0.871021 0.050000 0.100000
