0 0.022388 0.514731 0.044775 0.100000
0 0.098831 0.507886 0.050000 0.100000
0 0.169672 0.475032 0.050000 0.100000
0 0.196366 0.484615 0.050000 0.100000
0 0.163512 0.777565 0.050000 0.100000
0 0.225114 0.837797 0.050000 0.100000
0 0.261048 0.776196 0.050000 0.100000
0 0.185073 0.934991 0.050000 0.100000
0 0.122444 0.961988 0.050000 0.071858
0 0.503348 0.666682 0.050000 0.100000
0 0.486921 0.651623 0.050000 0.100000
0 0.550576 0.611925 0.050000 0.100000
0 0.502321 0.547585 0.050000 0.100000
0 0.454067 0.536634 0.050000 0.100000
0 0.545442 0.481877 0.050000 0.100000
0 0.751808 0.628352 0.050000 0.100000
0 0.798009 0.614662 0.050000 0.100000
0 0.872958 0.583177 0.050000 0.100000
0 0.910946 0.852855 0.050000 0.100000
0 0.640925 0.361411 0.050000 0.100000
0 0.670699 0.353198 0.050000 0.100000
0 0.635792 0.261480 0.050000 0.100000
0 0.707660 0.297072 0.050000 0.100000
0 0.700473 0.227257 0.050000 0.100000
0 0.736408 0.165655 0.050000 0.100000
0 0.781582 0.232732 0.050000 0.100000
0 0.806223 0.238208 0.050000 0.100000
0 0.819570 0.260111 0.050000 0.100000
0 0.853451 0.251897 0.050000 0.100000
0 0.309303 0.206723 0.050000 0.100000
0 0.310330 0.171131 0.050000 0.100000
0 0.286716 0.151966 0.050000 0.100000
0 0.247701 0.145121 0.050000 0.100000
0 0.218954 0.143752 0.050000 0.100000
0 0.192260 0.235470 0.050000 0.100000
0 0.206633 0.298441 0.050000 0.100000
0 0.245648 0.238208 0.050000 0.100000
0 0.439693 0.217674 0.050000 0.100000
0 0.457147 0.202616 0.050000 0.100000
0 0.289796 0.098578 0.050000 0.100000
0 0.277475 0.097209 0.050000 0.100000
0 0.599857 0.153335 0.050000 0.100000
0 0.552629 0.190296 0.050000 0.100000
0 0.676859 0.325819 0.050000 0.100000
0 0.703553 0.273800 0.050000 0.100000
