0 0.201178 0.052629 0.050000 0.100000
0 0.312289 0.108185 0.050000 0.100000
0 0.318242 0.094957 0.050000 0.100000
0 0.334115 0.100248 0.050000 0.100000
0 0.246813 0.121412 0.050000 0.100000
0 0.224988 0.137285 0.050000 0.100000
0 0.203162 0.203423 0.050000 0.100000
0 0.203162 0.224587 0.050000 0.100000
0 0.254750 0.206068 0.050000 0.100000
0 0.278559 0.216650 0.050000 0.100000
0 0.346019 0.272206 0.050000 0.100000
0 0.459115 0.208714 0.050000 0.100000
0 0.536496 0.211359 0.050000 0.100000
0 0.409511 0.465327 0.050000 0.100000
0 0.383718 0.497073 0.050000 0.100000
0 0.405543 0.531465 0.050000 0.100000
0 0.546416 0.467973 0.050000 0.100000
0 0.570226 0.489137 0.050000 0.100000
0 0.566257 0.528819 0.050000 0.100000
0 0.558321 0.581729 0.050000 0.100000
0 0.502765 0.594957 0.050000 0.100000
0 0.223003 0.663740 0.050000 0.100000
0 0.021819 0.679613 0.043638 0.100000
0 0.308321 0.743105 0.050000 0.100000
0 0.310305 0.788079 0.050000 0.100000
0 0.377765 0.788079 0.050000 0.100000
0 0.375781 0.819825 0.050000 0.100000
0 0.417448 0.729878 0.050000 0.100000
0 0.433321 0.737814 0.050000 0.100000
0 0.840067 0.475909 0.050000 0.100000
