0 0.215067 0.047346 0.050000 0.094692
0 0.244829 0.047346 0.050000 0.094692
0 0.228956 0.073793 0.050000 0.100000
0 0.236892 0.105539 0.050000 0.100000
0 0.318242 0.100248 0.050000 0.100000
0 0.361892 0.094957 0.050000 0.100000
0 0.445226 0.203423 0.050000 0.100000
0 0.455146 0.211359 0.050000 0.100000
0 0.542448 0.208714 0.050000 0.100000
0 0.590067 0.251042 0.050000 0.100000
0 0.723003 0.176968 0.050000 0.100000
0 0.748797 0.176968 0.050000 0.100000
0 0.772607 0.176968 0.050000 0.100000
0 0.838083 0.176968 0.050000 0.100000
0 0.778559 0.375380 0.050000 0.100000
0 0.822210 0.444163 0.050000 0.100000
0 0.881734 0.465327 0.050000 0.100000
0 0.758718 0.563211 0.050000 0.100000
0 0.542448 0.470618 0.050000 0.100000
0 0.580146 0.491782 0.050000 0.100000
0 0.556337 0.528819 0.050000 0.100000
0 0.506734 0.536756 0.050000 0.100000
0 0.395623 0.507655 0.050000 0.100000
0 0.405543 0.536756 0.050000 0.100000
0 0.232924 0.425645 0.050000 0.100000
0 0.092051 0.483846 0.050000 0.100000
0 0.044432 0.518237 0.050000 0.100000
0 0.288480 0.756333 0.050000 0.100000
0 0.286496 0.790724 0.050000 0.100000
0 0.365861 0.803952 0.050000 0.100000
0 0.417448 0.769560 0.050000 0.100000
0 0.461099 0.745751 0.050000 0.100000
0 0.441257 0.743105 0.050000 0.100000
