0 0.224087 0.290227 0.050000 0.100000
0 0.192260 0.157441 0.050000 0.100000
0 0.240514 0.121849 0.050000 0.100000
0 0.282609 0.150597 0.050000 0.100000
0 0.291849 0.086257 0.050000 0.100000
0 0.294929 0.098578 0.050000 0.100000
0 0.312383 0.171131 0.050000 0.100000
0 0.295956 0.284751 0.050000 0.100000
0 0.270288 0.277907 0.050000 0.100000
0 0.359611 0.328557 0.050000 0.100000
0 0.391438 0.299810 0.050000 0.100000
0 0.403759 0.272431 0.050000 0.100000
0 0.440720 0.217674 0.050000 0.100000
0 0.452013 0.201247 0.050000 0.100000
0 0.383225 0.477770 0.050000 0.100000
0 0.358584 0.492828 0.050000 0.100000
0 0.441746 0.516100 0.050000 0.100000
0 0.505401 0.535265 0.050000 0.100000
0 0.490001 0.579070 0.050000 0.100000
0 0.472547 0.616031 0.050000 0.100000
0 0.393492 0.798098 0.050000 0.100000
0 0.547496 0.473663 0.050000 0.100000
0 0.746674 0.435333 0.050000 0.100000
0 0.745648 0.344984 0.050000 0.100000
0 0.783635 0.447654 0.050000 0.100000
0 0.806223 0.440809 0.050000 0.100000
0 0.713820 0.108160 0.050000 0.100000
0 0.697393 0.135539 0.050000 0.100000
0 0.794929 0.458605 0.050000 0.100000
0 0.555709 0.198509 0.050000 0.100000
