0 0.190321 0.048074 0.050000 0.096147
0 0.231587 0.092212 0.050000 0.100000
0 0.251741 0.097331 0.050000 0.100000
0 0.269975 0.099890 0.050000 0.100000
0 0.245023 0.130600 0.050000 0.100000
0 0.290129 0.094772 0.050000 0.100000
0 0.315081 0.080696 0.050000 0.100000
0 0.340992 0.074298 0.050000 0.100000
0 0.367864 0.085815 0.050000 0.100000
0 0.248862 0.268796 0.050000 0.100000
0 0.322758 0.267516 0.050000 0.100000
0 0.196079 0.426186 0.050000 0.100000
0 0.221990 0.537510 0.050000 0.100000
0 0.209514 0.755040 0.050000 0.100000
0 0.399534 0.533671 0.050000 0.100000
0 0.394735 0.499122 0.050000 0.100000
0 0.416808 0.479928 0.050000 0.100000
0 0.508939 0.541349 0.050000 0.100000
0 0.544447 0.528553 0.050000 0.100000
0 0.562681 0.494004 0.050000 0.100000
0 0.546367 0.463294 0.050000 0.100000
0 0.495503 0.666749 0.050000 0.100000
0 0.563641 0.815181 0.050000 0.100000
0 0.756539 0.651394 0.050000 0.100000
0 0.836194 0.650114 0.050000 0.100000
0 0.769015 0.417228 0.050000 0.100000
0 0.745023 0.410831 0.050000 0.100000
0 0.418728 0.252161 0.050000 0.100000
0 0.447518 0.213774 0.050000 0.100000
0 0.597230 0.076857 0.050000 0.100000
0 0.398574 0.053825 0.050000 0.100000
