0 0.198958 0.755040 0.050000 0.100000
0 0.280532 0.757600 0.050000 0.100000
0 0.506060 0.531112 0.050000 0.100000
0 0.401453 0.519596 0.050000 0.100000
0 0.396655 0.506800 0.050000 0.100000
0 0.419687 0.476090 0.050000 0.100000
0 0.553085 0.511918 0.050000 0.100000
0 0.570359 0.500402 0.050000 0.100000
0 0.549246 0.472251 0.050000 0.100000
0 0.280532 0.257280 0.050000 0.100000
0 0.228708 0.250882 0.050000 0.100000
0 0.202797 0.276474 0.050000 0.100000
0 0.441760 0.211214 0.050000 0.100000
0 0.347710 0.094772 0.050000 0.100000
0 0.355388 0.088374 0.050000 0.100000
0 0.303564 0.092212 0.050000 0.100000
0 0.254620 0.089653 0.050000 0.100000
0 0.211434 0.096051 0.050000 0.100000
0 0.196079 0.051266 0.050000 0.100000
0 0.667288 0.108847 0.050000 0.100000
0 0.764217 0.203537 0.050000 0.100000
0 0.777653 0.436422 0.050000 0.100000
