0 0.287322 0.086741 0.050000 0.100000
0 0.307301 0.097957 0.050000 0.100000
0 0.283116 0.156843 0.050000 0.100000
0 0.289425 0.187687 0.050000 0.100000
0 0.286270 0.221336 0.050000 0.100000
0 0.243158 0.224140 0.050000 0.100000
0 0.344104 0.177873 0.050000 0.100000
0 0.336743 0.148430 0.050000 0.100000
0 0.373547 0.163853 0.050000 0.100000
0 0.399835 0.161049 0.050000 0.100000
0 0.454514 0.196100 0.050000 0.100000
0 0.303095 0.322282 0.050000 0.100000
0 0.259982 0.341911 0.050000 0.100000
0 0.241055 0.522773 0.050000 0.100000
0 0.390371 0.504547 0.050000 0.100000
0 0.418762 0.521371 0.050000 0.100000
0 0.451360 0.519969 0.050000 0.100000
0 0.521812 0.528381 0.050000 0.100000
0 0.551254 0.519969 0.050000 0.100000
0 0.548100 0.484918 0.050000 0.100000
0 0.532327 0.461084 0.050000 0.100000
0 0.578594 0.667183 0.050000 0.100000
0 0.642737 0.665781 0.050000 0.100000
0 0.331486 0.740088 0.050000 0.100000
0 0.820445 0.170863 0.050000 0.100000
0 0.556512 0.183481 0.050000 0.100000
0 0.320971 0.104967 0.050000 0.100000
