0 0.224230 0.428837 0.050000 0.100000
0 0.220024 0.340509 0.050000 0.100000
0 0.169551 0.343313 0.050000 0.100000
0 0.245261 0.281624 0.050000 0.100000
0 0.295734 0.284428 0.050000 0.100000
0 0.327280 0.308262 0.050000 0.100000
0 0.380907 0.323684 0.050000 0.100000
0 0.344104 0.211522 0.050000 0.100000
0 0.316764 0.203110 0.050000 0.100000
0 0.308352 0.162451 0.050000 0.100000
0 0.368289 0.189089 0.050000 0.100000
0 0.396680 0.193295 0.050000 0.100000
0 0.449257 0.208718 0.050000 0.100000
0 0.217921 0.141420 0.050000 0.100000
0 0.202148 0.189089 0.050000 0.100000
0 0.183221 0.154039 0.050000 0.100000
0 0.231591 0.078329 0.050000 0.100000
0 0.258931 0.104967 0.050000 0.100000
0 0.287322 0.079731 0.050000 0.100000
0 0.331486 0.095153 0.050000 0.100000
0 0.364083 0.083937 0.050000 0.100000
0 0.345156 0.090947 0.050000 0.100000
0 0.608037 0.254985 0.050000 0.100000
0 0.588058 0.253583 0.050000 0.100000
0 0.783641 0.364343 0.050000 0.100000
0 0.618552 0.613905 0.050000 0.100000
0 0.565976 0.497537 0.050000 0.100000
0 0.541791 0.469496 0.050000 0.100000
0 0.541791 0.519969 0.050000 0.100000
0 0.506039 0.535391 0.050000 0.100000
0 0.406144 0.524175 0.050000 0.100000
0 0.396680 0.505949 0.050000 0.100000
0 0.416659 0.480712 0.050000 0.100000
0 0.354619 0.827014 0.050000 0.100000
0 0.692159 0.756913 0.050000 0.100000
0 0.781538 0.927961 0.050000 0.100000
0 0.848836 0.784953 0.050000 0.100000
0 0.963452 0.761119 0.050000 0.100000
0 0.774178 0.208718 0.050000 0.100000
0 0.740529 0.208718 0.050000 0.100000
0 0.676386 0.184883 0.050000 0.100000
0 0.657458 0.190491 0.050000 0.100000
0 0.386165 0.045237 0.050000 0.090474
0 0.188478 0.217130 0.050000 0.100000
0 0.418762 0.047340 0.050000 0.094680
