0 0.287322 0.058700 0.050000 0.100000
0 0.236849 0.068515 0.050000 0.100000
0 0.265240 0.071319 0.050000 0.100000
0 0.187427 0.067112 0.050000 0.100000
0 0.188478 0.151234 0.050000 0.100000
0 0.204251 0.147028 0.050000 0.100000
0 0.229488 0.154039 0.050000 0.100000
0 0.203200 0.170863 0.050000 0.100000
0 0.300992 0.156843 0.050000 0.100000
0 0.310455 0.197502 0.050000 0.100000
0 0.330434 0.232552 0.050000 0.100000
0 0.271549 0.233954 0.050000 0.100000
0 0.247364 0.235356 0.050000 0.100000
0 0.205303 0.249377 0.050000 0.100000
0 0.391423 0.186285 0.050000 0.100000
0 0.424020 0.186285 0.050000 0.100000
0 0.455566 0.204512 0.050000 0.100000
0 0.394577 0.093751 0.050000 0.100000
0 0.778384 0.217130 0.050000 0.100000
0 0.552306 0.189089 0.050000 0.100000
0 0.549151 0.468094 0.050000 0.100000
0 0.564924 0.503145 0.050000 0.100000
0 0.543894 0.522773 0.050000 0.100000
0 0.510245 0.529783 0.050000 0.100000
0 0.450308 0.526979 0.050000 0.100000
0 0.409299 0.526979 0.050000 0.100000
0 0.376701 0.511557 0.050000 0.100000
0 0.090687 0.496135 0.050000 0.100000
0 0.019463 0.504547 0.038925 0.100000
0 0.026544 0.920951 0.050000 0.100000
0 0.040213 0.909734 0.050000 0.100000
0 0.087532 0.892910 0.050000 0.100000
0 0.156933 0.948454 0.050000 0.098925
0 0.345156 0.818602 0.050000 0.100000
0 0.348310 0.791964 0.050000 0.100000
0 0.405093 0.796170 0.050000 0.100000
0 0.901412 0.952660 0.050000 0.090513
0 0.285219 0.096555 0.050000 0.100000
