0 0.019307 0.577701 0.038615 0.100000
0 0.093697 0.438071 0.050000 0.100000
0 0.213820 0.458605 0.050000 0.100000
0 0.273369 0.366887 0.050000 0.100000
0 0.276449 0.301179 0.050000 0.100000
0 0.266182 0.287489 0.050000 0.100000
0 0.330863 0.362780 0.050000 0.100000
0 0.367824 0.407955 0.050000 0.100000
0 0.345237 0.202616 0.050000 0.100000
0 0.380145 0.249159 0.050000 0.100000
0 0.447907 0.217674 0.050000 0.100000
0 0.459200 0.193033 0.050000 0.100000
0 0.292876 0.090364 0.050000 0.100000
0 0.274395 0.093102 0.050000 0.100000
0 0.674806 0.194402 0.050000 0.100000
0 0.677886 0.139645 0.050000 0.100000
0 0.714847 0.167024 0.050000 0.100000
0 0.710740 0.201247 0.050000 0.100000
0 0.567003 0.149228 0.050000 0.100000
0 0.545442 0.182082 0.050000 0.100000
0 0.777475 0.235470 0.050000 0.100000
0 0.844210 0.187558 0.050000 0.100000
0 0.840104 0.446285 0.050000 0.100000
0 0.783635 0.435333 0.050000 0.100000
0 0.614231 0.454498 0.050000 0.100000
0 0.640925 0.469556 0.050000 0.100000
0 0.548523 0.472294 0.050000 0.100000
0 0.505401 0.543478 0.050000 0.100000
0 0.453040 0.524313 0.050000 0.100000
0 0.391438 0.506517 0.050000 0.100000
0 0.513615 0.658468 0.050000 0.100000
0 0.543389 0.655730 0.050000 0.100000
0 0.527989 0.613294 0.050000 0.100000
0 0.454067 0.553061 0.050000 0.100000
0 0.233327 0.784409 0.050000 0.100000
0 0.814436 0.669419 0.050000 0.100000
