0 0.167288 0.395475 0.050000 0.100000
0 0.255580 0.435143 0.050000 0.100000
0 0.240225 0.340453 0.050000 0.100000
0 0.298766 0.348131 0.050000 0.100000
0 0.396655 0.497843 0.050000 0.100000
0 0.414889 0.487606 0.050000 0.100000
0 0.409131 0.528553 0.050000 0.100000
0 0.502221 0.532392 0.050000 0.100000
0 0.549246 0.518316 0.050000 0.100000
0 0.563641 0.495284 0.050000 0.100000
0 0.531971 0.474810 0.050000 0.100000
0 0.291088 0.752481 0.050000 0.100000
0 0.893775 0.517037 0.050000 0.100000
0 0.889937 0.620683 0.050000 0.100000
0 0.778612 0.280312 0.050000 0.100000
0 0.634658 0.275194 0.050000 0.100000
0 0.590513 0.268796 0.050000 0.100000
0 0.626981 0.170268 0.050000 0.100000
0 0.683603 0.148514 0.050000 0.100000
0 0.714313 0.152353 0.050000 0.100000
0 0.346751 0.189461 0.050000 0.100000
0 0.339073 0.158751 0.050000 0.100000
0 0.360186 0.156192 0.050000 0.100000
0 0.341952 0.175386 0.050000 0.100000
0 0.447518 0.207376 0.050000 0.100000
0 0.359227 0.084535 0.050000 0.100000
0 0.328516 0.098610 0.050000 0.100000
0 0.303564 0.090933 0.050000 0.100000
