0 0.803564 0.203537 0.050000 0.100000
0 0.663449 0.198419 0.050000 0.100000
0 0.626021 0.208655 0.050000 0.100000
0 0.612585 0.116525 0.050000 0.100000
0 0.639457 0.110127 0.050000 0.100000
0 0.885138 0.433863 0.050000 0.100000
0 0.830436 0.423626 0.050000 0.100000
0 0.725829 0.412110 0.050000 0.100000
0 0.716232 0.319980 0.050000 0.100000
0 0.655772 0.386518 0.050000 0.100000
0 0.657691 0.427465 0.050000 0.100000
0 0.494543 0.536230 0.050000 0.100000
0 0.543488 0.474810 0.050000 0.100000
0 0.397614 0.406992 0.050000 0.100000
0 0.409131 0.523435 0.050000 0.100000
0 0.394735 0.513198 0.050000 0.100000
0 0.191280 0.712814 0.050000 0.100000
0 0.607787 0.962163 0.050000 0.071507
0 0.219111 0.199698 0.050000 0.100000
0 0.282451 0.174106 0.050000 0.100000
0 0.257499 0.085815 0.050000 0.100000
0 0.236386 0.083255 0.050000 0.100000
0 0.311242 0.092212 0.050000 0.100000
0 0.345791 0.094772 0.050000 0.100000
0 0.360186 0.183063 0.050000 0.100000
0 0.206635 0.044235 0.050000 0.088470
0 0.190321 0.043595 0.050000 0.087190
