0 0.034956 0.738686 0.050000 0.100000
0 0.196891 0.201708 0.050000 0.100000
0 0.229488 0.201708 0.050000 0.100000
0 0.267343 0.177873 0.050000 0.100000
0 0.267343 0.145626 0.050000 0.100000
0 0.283116 0.145626 0.050000 0.100000
0 0.306249 0.172265 0.050000 0.100000
0 0.330434 0.173667 0.050000 0.100000
0 0.364083 0.186285 0.050000 0.100000
0 0.313610 0.299850 0.050000 0.100000
0 0.277858 0.096555 0.050000 0.100000
0 0.291528 0.089545 0.050000 0.100000
0 0.329383 0.096555 0.050000 0.100000
0 0.353568 0.090947 0.050000 0.100000
0 0.366186 0.086741 0.050000 0.100000
0 0.417711 0.053092 0.050000 0.100000
0 0.234745 0.069917 0.050000 0.100000
0 0.440844 0.217130 0.050000 0.100000
0 0.479751 0.786355 0.050000 0.100000
0 0.535482 0.669987 0.050000 0.100000
0 0.507090 0.553618 0.050000 0.100000
0 0.548100 0.535391 0.050000 0.100000
0 0.562821 0.503145 0.050000 0.100000
0 0.550203 0.473702 0.050000 0.100000
0 0.415608 0.476506 0.050000 0.100000
0 0.392474 0.512959 0.050000 0.100000
0 0.408247 0.528381 0.050000 0.100000
0 0.762611 0.782149 0.050000 0.100000
0 0.593315 0.365745 0.050000 0.100000
0 0.540739 0.360137 0.050000 0.100000
0 0.635376 0.291438 0.050000 0.100000
0 0.638531 0.208718 0.050000 0.100000
0 0.665871 0.198904 0.050000 0.100000
0 0.696365 0.217130 0.050000 0.100000
0 0.684798 0.281624 0.050000 0.100000
0 0.728962 0.270407 0.050000 0.100000
0 0.767869 0.211522 0.050000 0.100000
0 0.815187 0.225542 0.050000 0.100000
0 0.835166 0.250779 0.050000 0.100000
