0 0.227167 0.783040 0.050000 0.100000
0 0.468440 0.617400 0.050000 0.100000
0 0.447907 0.520207 0.050000 0.100000
0 0.504375 0.540741 0.050000 0.100000
0 0.520802 0.573595 0.050000 0.100000
0 0.545442 0.476401 0.050000 0.100000
0 0.294929 0.418906 0.050000 0.100000
0 0.268235 0.410693 0.050000 0.100000
0 0.088564 0.494197 0.050000 0.100000
0 0.204580 0.284751 0.050000 0.100000
0 0.376038 0.269693 0.050000 0.100000
0 0.442773 0.220412 0.050000 0.100000
0 0.450987 0.205354 0.050000 0.100000
0 0.223061 0.167024 0.050000 0.100000
0 0.193286 0.165655 0.050000 0.100000
0 0.222034 0.046910 0.050000 0.093821
0 0.276449 0.102684 0.050000 0.100000
0 0.290822 0.095840 0.050000 0.100000
0 0.610124 0.213567 0.050000 0.100000
0 0.625525 0.219043 0.050000 0.100000
0 0.683019 0.264218 0.050000 0.100000
0 0.697393 0.245053 0.050000 0.100000
0 0.697393 0.294334 0.050000 0.100000
0 0.716900 0.346353 0.050000 0.100000
0 0.779529 0.295703 0.050000 0.100000
0 0.798009 0.247790 0.050000 0.100000
0 0.818543 0.325819 0.050000 0.100000
0 0.805196 0.380576 0.050000 0.100000
0 0.867824 0.432595 0.050000 0.100000
0 0.896572 0.454498 0.050000 0.100000
0 0.760021 0.167024 0.050000 0.100000
0 0.741541 0.173868 0.050000 0.100000
0 0.549549 0.186189 0.050000 0.100000
