0 0.227398 0.216951 0.050000 0.100000
0 0.228710 0.265902 0.050000 0.100000
0 0.275912 0.265902 0.050000 0.100000
0 0.296891 0.236182 0.050000 0.100000
0 0.333605 0.211706 0.050000 0.100000
0 0.378185 0.223944 0.050000 0.100000
0 0.392608 0.222196 0.050000 0.100000
0 0.442433 0.211706 0.050000 0.100000
0 0.451612 0.211706 0.050000 0.100000
0 0.270668 0.099818 0.050000 0.100000
0 0.281157 0.096321 0.050000 0.100000
0 0.310003 0.092825 0.050000 0.100000
0 0.342783 0.092825 0.050000 0.100000
0 0.351961 0.087580 0.050000 0.100000
0 0.361140 0.085832 0.050000 0.100000
0 0.768919 0.169748 0.050000 0.100000
0 0.768919 0.138279 0.050000 0.100000
0 0.935440 0.636531 0.050000 0.100000
0 0.271979 0.746671 0.050000 0.100000
0 0.313937 0.764154 0.050000 0.100000
0 0.370318 0.863804 0.050000 0.100000
0 0.341472 0.928489 0.050000 0.100000
0 0.517171 0.549119 0.050000 0.100000
0 0.455545 0.538629 0.050000 0.100000
0 0.544706 0.465203 0.050000 0.100000
0 0.353273 0.376042 0.050000 0.100000
0 0.285091 0.376042 0.050000 0.100000
