0 0.198552 0.046937 0.050000 0.093874
0 0.270668 0.098070 0.050000 0.100000
0 0.287713 0.096321 0.050000 0.100000
0 0.236577 0.148769 0.050000 0.100000
0 0.271979 0.148769 0.050000 0.100000
0 0.346717 0.129538 0.050000 0.100000
0 0.439811 0.208209 0.050000 0.100000
0 0.448989 0.208209 0.050000 0.100000
0 0.317870 0.087580 0.050000 0.100000
0 0.349339 0.087580 0.050000 0.100000
0 0.340161 0.077091 0.050000 0.100000
0 0.623377 0.138279 0.050000 0.100000
0 0.598465 0.127790 0.050000 0.100000
0 0.210353 0.349818 0.050000 0.100000
0 0.034654 0.524643 0.050000 0.100000
0 0.076612 0.508909 0.050000 0.100000
0 0.245755 0.377790 0.050000 0.100000
0 0.349339 0.304363 0.050000 0.100000
0 0.351961 0.360307 0.050000 0.100000
0 0.462101 0.545622 0.050000 0.100000
0 0.526349 0.545622 0.050000 0.100000
0 0.569619 0.531636 0.050000 0.100000
0 0.590598 0.500168 0.050000 0.100000
0 0.547328 0.466951 0.050000 0.100000
0 0.271979 0.760657 0.050000 0.100000
0 0.254933 0.904014 0.050000 0.100000
0 0.245755 0.963553 0.050000 0.068728
0 0.345405 0.942475 0.050000 0.100000
0 0.341472 0.790377 0.050000 0.100000
0 0.396542 0.804363 0.050000 0.100000
0 0.705982 0.585832 0.050000 0.100000
0 0.793832 0.606811 0.050000 0.100000
0 0.349825 0.187745 0.050000 0.100000
