0 0.193307 0.126042 0.050000 0.100000
0 0.214286 0.141776 0.050000 0.100000
0 0.247066 0.127790 0.050000 0.100000
0 0.274601 0.103314 0.050000 0.100000
0 0.281157 0.099818 0.050000 0.100000
0 0.304759 0.096321 0.050000 0.100000
0 0.332293 0.096321 0.050000 0.100000
0 0.376874 0.068349 0.050000 0.100000
0 0.384741 0.046937 0.050000 0.093874
0 0.345405 0.080587 0.050000 0.100000
0 0.438500 0.215203 0.050000 0.100000
0 0.450300 0.208209 0.050000 0.100000
0 0.266734 0.398769 0.050000 0.100000
0 0.018682 0.514154 0.037363 0.100000
0 0.308692 0.515902 0.050000 0.100000
0 0.361140 0.500168 0.050000 0.100000
0 0.462101 0.529888 0.050000 0.100000
0 0.538150 0.536881 0.050000 0.100000
0 0.547328 0.477440 0.050000 0.100000
0 0.585353 0.655762 0.050000 0.100000
0 0.278535 0.758909 0.050000 0.100000
0 0.304759 0.769398 0.050000 0.100000
0 0.709916 0.461706 0.050000 0.100000
0 0.770231 0.458209 0.050000 0.100000
0 0.796454 0.552615 0.050000 0.100000
0 0.847591 0.480937 0.050000 0.100000
0 0.901349 0.433734 0.050000 0.100000
0 0.570930 0.141776 0.050000 0.100000
0 0.611577 0.141776 0.050000 0.100000
0 0.757119 0.335832 0.050000 0.100000
0 0.804321 0.334084 0.050000 0.100000
0 0.806944 0.225692 0.050000 0.100000
0 0.817433 0.192475 0.050000 0.100000
0 0.721410 0.588473 0.050000 0.100000
