0 0.038872 0.475326 0.050000 0.100000
0 0.016989 0.567901 0.033978 0.100000
0 0.053337 0.558901 0.050000 0.100000
0 0.107339 0.553758 0.050000 0.100000
0 0.314667 0.795481 0.050000 0.100000
0 0.413028 0.821196 0.050000 0.100000
0 0.420743 0.767194 0.050000 0.100000
0 0.440993 0.650190 0.050000 0.100000
0 0.413992 0.521614 0.050000 0.100000
0 0.393742 0.503613 0.050000 0.100000
0 0.409171 0.467612 0.050000 0.100000
0 0.508496 0.522900 0.050000 0.100000
0 0.588534 0.498470 0.050000 0.100000
0 0.551890 0.465040 0.050000 0.100000
0 0.740897 0.422610 0.050000 0.100000
0 0.366741 0.300463 0.050000 0.100000
0 0.321418 0.354465 0.050000 0.100000
0 0.296345 0.295320 0.050000 0.100000
0 0.247165 0.287605 0.050000 0.100000
0 0.444851 0.211746 0.050000 0.100000
0 0.294417 0.105028 0.050000 0.100000
0 0.258737 0.101170 0.050000 0.100000
0 0.288631 0.090884 0.050000 0.100000
0 0.314667 0.098599 0.050000 0.100000
0 0.350347 0.096027 0.050000 0.100000
