0 0.180851 0.110307 0.050000 0.100000
0 0.263456 0.290377 0.050000 0.100000
0 0.262145 0.330587 0.050000 0.100000
0 0.209697 0.300867 0.050000 0.100000
0 0.213631 0.346321 0.050000 0.100000
0 0.144138 0.444223 0.050000 0.100000
0 0.074645 0.433734 0.050000 0.100000
0 0.019010 0.552615 0.038019 0.100000
0 0.072023 0.599818 0.050000 0.100000
0 0.100869 0.589328 0.050000 0.100000
0 0.310659 0.087580 0.050000 0.100000
0 0.360484 0.292126 0.050000 0.100000
0 0.394575 0.274643 0.050000 0.100000
0 0.441778 0.209958 0.050000 0.100000
0 0.694837 0.157510 0.050000 0.100000
0 0.734173 0.162755 0.050000 0.100000
0 0.776131 0.239678 0.050000 0.100000
0 0.790554 0.265902 0.050000 0.100000
0 0.827267 0.227440 0.050000 0.100000
0 0.794488 0.397021 0.050000 0.100000
0 0.547984 0.470447 0.050000 0.100000
0 0.574208 0.482685 0.050000 0.100000
0 0.561096 0.514154 0.050000 0.100000
0 0.389330 0.505412 0.050000 0.100000
0 0.405064 0.529888 0.050000 0.100000
0 0.283124 0.758909 0.050000 0.100000
0 0.367040 0.786881 0.050000 0.100000
0 0.398509 0.744923 0.050000 0.100000
0 0.432599 0.799119 0.050000 0.100000
0 0.544050 0.725692 0.050000 0.100000
0 0.572897 0.589328 0.050000 0.100000
0 0.641078 0.699468 0.050000 0.100000
0 0.715816 0.674993 0.050000 0.100000
0 0.822023 0.713454 0.050000 0.100000
0 0.799732 0.841077 0.050000 0.100000
0 0.902005 0.874293 0.050000 0.100000
