0 0.391813 0.511328 0.050000 0.100000
0 0.405314 0.531900 0.050000 0.100000
0 0.083231 0.494613 0.050000 0.100000
0 0.258737 0.781337 0.050000 0.100000
0 0.325275 0.765908 0.050000 0.100000
0 0.365776 0.781337 0.050000 0.100000
0 0.447744 0.650190 0.050000 0.100000
0 0.502710 0.538329 0.050000 0.100000
0 0.590463 0.512614 0.050000 0.100000
0 0.546104 0.474041 0.050000 0.100000
0 0.659894 0.470183 0.050000 0.100000
0 0.732218 0.461183 0.050000 0.100000
0 0.854687 0.439325 0.050000 0.100000
0 0.768862 0.319749 0.050000 0.100000
0 0.787184 0.290177 0.050000 0.100000
0 0.842151 0.303035 0.050000 0.100000
0 0.876866 0.553758 0.050000 0.100000
0 0.362883 0.254176 0.050000 0.100000
0 0.310810 0.272176 0.050000 0.100000
0 0.323346 0.150029 0.050000 0.100000
0 0.447744 0.210460 0.050000 0.100000
0 0.243308 0.106313 0.050000 0.100000
0 0.285738 0.096027 0.050000 0.100000
0 0.309846 0.096027 0.050000 0.100000
0 0.339740 0.099884 0.050000 0.100000
