0 0.215067 0.108185 0.050000 0.100000
0 0.234908 0.102894 0.050000 0.100000
0 0.308321 0.105539 0.050000 0.100000
0 0.391654 0.211359 0.050000 0.100000
0 0.351972 0.208714 0.050000 0.100000
0 0.324194 0.224587 0.050000 0.100000
0 0.332130 0.269560 0.050000 0.100000
0 0.296416 0.211359 0.050000 0.100000
0 0.264670 0.232523 0.050000 0.100000
0 0.189273 0.235169 0.050000 0.100000
0 0.226972 0.322470 0.050000 0.100000
0 0.195226 0.298661 0.050000 0.100000
0 0.294432 0.375380 0.050000 0.100000
0 0.437289 0.203423 0.050000 0.100000
0 0.453162 0.203423 0.050000 0.100000
0 0.546416 0.211359 0.050000 0.100000
0 0.560305 0.084375 0.050000 0.100000
0 0.730940 0.129349 0.050000 0.100000
0 0.689273 0.200777 0.050000 0.100000
0 0.713083 0.237814 0.050000 0.100000
0 0.748797 0.237814 0.050000 0.100000
0 0.165464 0.391253 0.050000 0.100000
0 0.121813 0.396544 0.050000 0.100000
0 0.044432 0.520883 0.050000 0.100000
0 0.145623 0.505010 0.050000 0.100000
0 0.201178 0.462682 0.050000 0.100000
0 0.274591 0.478555 0.050000 0.100000
0 0.393638 0.502364 0.050000 0.100000
0 0.403559 0.520883 0.050000 0.100000
0 0.254750 0.584375 0.050000 0.100000
0 0.238876 0.666386 0.050000 0.100000
0 0.298400 0.796015 0.050000 0.100000
0 0.322210 0.774851 0.050000 0.100000
0 0.353956 0.822470 0.050000 0.100000
0 0.361892 0.796015 0.050000 0.100000
0 0.403559 0.748396 0.050000 0.100000
0 0.431337 0.748396 0.050000 0.100000
0 0.570226 0.518237 0.050000 0.100000
0 0.578162 0.502364 0.050000 0.100000
0 0.554353 0.470618 0.050000 0.100000
0 0.758718 0.518237 0.050000 0.100000
0 0.812289 0.510301 0.050000 0.100000
