0 0.203797 0.071846 0.050000 0.100000
0 0.311314 0.098070 0.050000 0.100000
0 0.342783 0.077091 0.050000 0.100000
0 0.353273 0.078839 0.050000 0.100000
0 0.442433 0.215203 0.050000 0.100000
0 0.463412 0.215203 0.050000 0.100000
0 0.673203 0.292126 0.050000 0.100000
0 0.719094 0.278140 0.050000 0.100000
0 0.397853 0.507161 0.050000 0.100000
0 0.397853 0.521147 0.050000 0.100000
0 0.454234 0.535133 0.050000 0.100000
0 0.519793 0.543874 0.050000 0.100000
0 0.568307 0.519398 0.050000 0.100000
0 0.587975 0.508909 0.050000 0.100000
0 0.540773 0.470447 0.050000 0.100000
0 0.838412 0.349818 0.050000 0.100000
0 0.898727 0.381286 0.050000 0.100000
0 0.768919 0.447720 0.050000 0.100000
0 0.702049 0.437230 0.050000 0.100000
0 0.859391 0.645272 0.050000 0.100000
0 0.812189 0.737930 0.050000 0.100000
0 0.147416 0.757161 0.050000 0.100000
0 0.207731 0.750168 0.050000 0.100000
