0 0.247165 0.773623 0.050000 0.100000
0 0.311774 0.764623 0.050000 0.100000
0 0.440993 0.709335 0.050000 0.100000
0 0.445815 0.654047 0.050000 0.100000
0 0.410135 0.528043 0.050000 0.100000
0 0.397599 0.504899 0.050000 0.100000
0 0.505603 0.534471 0.050000 0.100000
0 0.598178 0.515185 0.050000 0.100000
0 0.546104 0.474041 0.050000 0.100000
0 0.524889 0.955273 0.050000 0.085287
0 0.599142 0.968131 0.050000 0.059572
0 0.848901 0.507470 0.050000 0.100000
0 0.778505 0.306892 0.050000 0.100000
0 0.713896 0.303035 0.050000 0.100000
0 0.321418 0.317178 0.050000 0.100000
0 0.278023 0.285034 0.050000 0.100000
0 0.208592 0.305606 0.050000 0.100000
0 0.453530 0.209174 0.050000 0.100000
0 0.600106 0.165458 0.050000 0.100000
0 0.651215 0.151315 0.050000 0.100000
0 0.631929 0.106313 0.050000 0.100000
0 0.764041 0.144886 0.050000 0.100000
0 0.754397 0.132028 0.050000 0.100000
0 0.256808 0.096027 0.050000 0.100000
0 0.233665 0.097313 0.050000 0.100000
0 0.195092 0.108885 0.050000 0.100000
0 0.189306 0.139743 0.050000 0.100000
0 0.305989 0.089598 0.050000 0.100000
0 0.282845 0.090884 0.050000 0.100000
0 0.348419 0.093456 0.050000 0.100000
