0 0.132411 0.729907 0.050000 0.100000
0 0.191234 0.664333 0.050000 0.100000
0 0.170019 0.531900 0.050000 0.100000
0 0.254880 0.759479 0.050000 0.100000
0 0.512353 0.576902 0.050000 0.100000
0 0.505603 0.534471 0.050000 0.100000
0 0.410135 0.524185 0.050000 0.100000
0 0.398563 0.499756 0.050000 0.100000
0 0.420743 0.479184 0.050000 0.100000
0 0.540318 0.466326 0.050000 0.100000
0 0.644465 0.611617 0.050000 0.100000
0 0.870116 0.544758 0.050000 0.100000
0 0.925082 0.524185 0.050000 0.100000
0 0.359991 0.359608 0.050000 0.100000
0 0.308882 0.355751 0.050000 0.100000
0 0.321418 0.206603 0.050000 0.100000
0 0.363848 0.218174 0.050000 0.100000
0 0.445815 0.209174 0.050000 0.100000
0 0.308882 0.098599 0.050000 0.100000
0 0.346490 0.101170 0.050000 0.100000
0 0.287666 0.093456 0.050000 0.100000
0 0.361919 0.044084 0.050000 0.088168
0 0.224021 0.063883 0.050000 0.100000
0 0.183520 0.062597 0.050000 0.100000
0 0.334918 0.043441 0.050000 0.086882
