0 0.344873 0.087475 0.050000 0.100000
0 0.384260 0.113733 0.050000 0.100000
0 0.444983 0.210013 0.050000 0.100000
0 0.451547 0.205637 0.050000 0.100000
0 0.387543 0.240648 0.050000 0.100000
0 0.274304 0.203449 0.050000 0.100000
0 0.202094 0.061217 0.050000 0.100000
0 0.228352 0.096228 0.050000 0.100000
0 0.210300 0.102792 0.050000 0.100000
0 0.241481 0.087475 0.050000 0.100000
0 0.312050 0.094039 0.050000 0.100000
0 0.198812 0.164061 0.050000 0.100000
0 0.193888 0.216578 0.050000 0.100000
0 0.249687 0.271282 0.050000 0.100000
0 0.239840 0.330363 0.050000 0.100000
0 0.328462 0.321611 0.050000 0.100000
0 0.361285 0.330363 0.050000 0.100000
0 0.395748 0.496665 0.050000 0.100000
0 0.407236 0.531676 0.050000 0.100000
0 0.502422 0.536053 0.050000 0.100000
0 0.543451 0.476972 0.050000 0.100000
0 0.441700 0.652026 0.050000 0.100000
0 0.476164 0.732989 0.050000 0.100000
0 0.430212 0.741742 0.050000 0.100000
0 0.392466 0.807387 0.050000 0.100000
0 0.305486 0.822705 0.050000 0.100000
0 0.303845 0.807387 0.050000 0.100000
0 0.211941 0.772376 0.050000 0.100000
0 0.174195 0.739554 0.050000 0.100000
0 0.126602 0.643274 0.050000 0.100000
0 0.077368 0.647650 0.050000 0.100000
0 0.101985 0.619204 0.050000 0.100000
0 0.021643 0.544805 0.043287 0.100000
0 0.047827 0.509794 0.050000 0.100000
0 0.015899 0.700166 0.031799 0.100000
0 0.894654 0.713295 0.050000 0.100000
0 0.768287 0.339116 0.050000 0.100000
0 0.791263 0.312858 0.050000 0.100000
0 0.743670 0.297541 0.050000 0.100000
0 0.735464 0.234083 0.050000 0.100000
0 0.696077 0.220954 0.050000 0.100000
0 0.636996 0.299729 0.050000 0.100000
0 0.546733 0.216578 0.050000 0.100000
0 0.572991 0.203449 0.050000 0.100000
