0 0.308768 0.098416 0.050000 0.100000
0 0.318615 0.124674 0.050000 0.100000
0 0.344873 0.122486 0.050000 0.100000
0 0.271022 0.157497 0.050000 0.100000
0 0.257893 0.216578 0.050000 0.100000
0 0.446624 0.203449 0.050000 0.100000
0 0.453188 0.207825 0.050000 0.100000
0 0.543451 0.212201 0.050000 0.100000
0 0.551657 0.463843 0.050000 0.100000
0 0.504064 0.522924 0.050000 0.100000
0 0.412160 0.533864 0.050000 0.100000
0 0.392466 0.514171 0.050000 0.100000
0 0.443341 0.641085 0.050000 0.100000
0 0.456471 0.722048 0.050000 0.100000
0 0.441700 0.706731 0.050000 0.100000
0 0.380978 0.807387 0.050000 0.100000
0 0.323538 0.848963 0.050000 0.100000
0 0.262816 0.853339 0.050000 0.100000
0 0.272663 0.803011 0.050000 0.100000
0 0.216864 0.728613 0.050000 0.100000
0 0.231635 0.682661 0.050000 0.100000
0 0.115114 0.614827 0.050000 0.100000
0 0.126602 0.571064 0.050000 0.100000
0 0.075727 0.669532 0.050000 0.100000
0 0.020002 0.601698 0.040004 0.100000
0 0.036339 0.452902 0.050000 0.100000
0 0.617302 0.588569 0.050000 0.100000
0 0.779775 0.509794 0.050000 0.100000
0 0.801109 0.496665 0.050000 0.100000
0 0.761722 0.761436 0.050000 0.100000
0 0.973429 0.965179 0.050000 0.065475
