0 0.201097 0.381168 0.050000 0.100000
0 0.089635 0.646152 0.050000 0.100000
0 0.038110 0.646152 0.050000 0.100000
0 0.046523 0.563432 0.050000 0.100000
0 0.017360 0.573246 0.034719 0.100000
0 0.017885 0.846643 0.035771 0.100000
0 0.323074 0.759717 0.050000 0.100000
0 0.353568 0.827014 0.050000 0.100000
0 0.440844 0.769531 0.050000 0.100000
0 0.780487 0.678399 0.050000 0.100000
0 0.853042 0.664379 0.050000 0.100000
0 0.553357 0.528381 0.050000 0.100000
0 0.561770 0.500341 0.050000 0.100000
0 0.542842 0.477908 0.050000 0.100000
0 0.498678 0.529783 0.050000 0.100000
0 0.410350 0.529783 0.050000 0.100000
0 0.399835 0.511557 0.050000 0.100000
0 0.733168 0.458280 0.050000 0.100000
0 0.456617 0.200306 0.050000 0.100000
0 0.564924 0.189089 0.050000 0.100000
0 0.324125 0.078329 0.050000 0.100000
0 0.278910 0.099359 0.050000 0.100000
0 0.288373 0.069917 0.050000 0.100000
0 0.291528 0.089545 0.050000 0.100000
0 0.218973 0.069917 0.050000 0.100000
0 0.191633 0.050288 0.050000 0.100000
0 0.307301 0.118988 0.050000 0.100000
