0 0.448933 0.201247 0.050000 0.100000
0 0.562896 0.190296 0.050000 0.100000
0 0.391438 0.502411 0.050000 0.100000
0 0.407865 0.524313 0.050000 0.100000
0 0.436613 0.514731 0.050000 0.100000
0 0.474601 0.514731 0.050000 0.100000
0 0.515668 0.521576 0.050000 0.100000
0 0.550576 0.518838 0.050000 0.100000
0 0.571110 0.496935 0.050000 0.100000
0 0.640925 0.429858 0.050000 0.100000
0 0.712794 0.458605 0.050000 0.100000
0 0.793902 0.451760 0.050000 0.100000
0 0.768235 0.116374 0.050000 0.100000
0 0.644005 0.086257 0.050000 0.100000
0 0.358584 0.214936 0.050000 0.100000
0 0.338050 0.221781 0.050000 0.100000
0 0.285689 0.277907 0.050000 0.100000
0 0.249755 0.227257 0.050000 0.100000
0 0.228194 0.134170 0.050000 0.100000
0 0.202527 0.142383 0.050000 0.100000
0 0.192260 0.134170 0.050000 0.100000
0 0.267208 0.135539 0.050000 0.100000
0 0.269262 0.098578 0.050000 0.100000
0 0.298009 0.099947 0.050000 0.100000
0 0.272342 0.046226 0.050000 0.092452
0 0.250781 0.052034 0.050000 0.100000
0 0.420186 0.046910 0.050000 0.093821
0 0.117311 0.462712 0.050000 0.100000
0 0.064950 0.483246 0.050000 0.100000
0 0.161459 0.342246 0.050000 0.100000
0 0.434559 0.044172 0.050000 0.088345
0 0.176859 0.687216 0.050000 0.100000
0 0.454067 0.740604 0.050000 0.100000
0 0.337024 0.952405 0.050000 0.091023
0 0.552629 0.470925 0.050000 0.100000
