0 0.017953 0.624475 0.035907 0.100000
0 0.079373 0.764623 0.050000 0.100000
0 0.130482 0.783909 0.050000 0.100000
0 0.277059 0.754336 0.050000 0.100000
0 0.311774 0.777480 0.050000 0.100000
0 0.374455 0.794195 0.050000 0.100000
0 0.404349 0.534471 0.050000 0.100000
0 0.387956 0.502327 0.050000 0.100000
0 0.457387 0.650190 0.050000 0.100000
0 0.497888 0.535757 0.050000 0.100000
0 0.586606 0.502327 0.050000 0.100000
0 0.547069 0.471469 0.050000 0.100000
0 0.647358 0.147458 0.050000 0.100000
0 0.657001 0.126885 0.050000 0.100000
0 0.733182 0.303035 0.050000 0.100000
0 0.769827 0.310749 0.050000 0.100000
0 0.789113 0.319749 0.050000 0.100000
0 0.795863 0.192459 0.050000 0.100000
0 0.757290 0.152601 0.050000 0.100000
0 0.695574 0.411038 0.050000 0.100000
0 0.698467 0.465040 0.050000 0.100000
0 0.769827 0.447040 0.050000 0.100000
0 0.819007 0.421325 0.050000 0.100000
0 0.886509 0.405895 0.050000 0.100000
0 0.394706 0.243890 0.050000 0.100000
0 0.355169 0.256747 0.050000 0.100000
0 0.321418 0.246461 0.050000 0.100000
0 0.311774 0.283748 0.050000 0.100000
0 0.227879 0.191173 0.050000 0.100000
0 0.240415 0.178316 0.050000 0.100000
0 0.205699 0.175744 0.050000 0.100000
0 0.257773 0.150029 0.050000 0.100000
0 0.237522 0.089598 0.050000 0.100000
0 0.284774 0.092170 0.050000 0.100000
0 0.288631 0.147458 0.050000 0.100000
0 0.307917 0.096027 0.050000 0.100000
0 0.336847 0.099884 0.050000 0.100000
0 0.440993 0.205317 0.050000 0.100000
0 0.186413 0.045370 0.050000 0.090740
0 0.290559 0.175744 0.050000 0.100000
