0 0.314273 0.097603 0.050000 0.100000
0 0.260702 0.150513 0.050000 0.100000
0 0.211099 0.200777 0.050000 0.100000
0 0.195226 0.221941 0.050000 0.100000
0 0.246813 0.206068 0.050000 0.100000
0 0.270623 0.200777 0.050000 0.100000
0 0.361892 0.200777 0.050000 0.100000
0 0.439273 0.206068 0.050000 0.100000
0 0.348003 0.280142 0.050000 0.100000
0 0.308321 0.290724 0.050000 0.100000
0 0.409511 0.467973 0.050000 0.100000
0 0.389670 0.507655 0.050000 0.100000
0 0.417448 0.528819 0.050000 0.100000
0 0.443242 0.748396 0.050000 0.100000
0 0.415464 0.751042 0.050000 0.100000
0 0.383718 0.785433 0.050000 0.100000
0 0.359908 0.803952 0.050000 0.100000
0 0.322210 0.761624 0.050000 0.100000
0 0.304353 0.788079 0.050000 0.100000
0 0.550384 0.518237 0.050000 0.100000
0 0.582130 0.486491 0.050000 0.100000
0 0.552369 0.467973 0.050000 0.100000
0 0.548400 0.216650 0.050000 0.100000
0 0.681337 0.158449 0.050000 0.100000
0 0.715067 0.206068 0.050000 0.100000
0 0.760702 0.110830 0.050000 0.100000
0 0.770623 0.129349 0.050000 0.100000
0 0.754750 0.203423 0.050000 0.100000
0 0.728956 0.322470 0.050000 0.100000
0 0.663480 0.325116 0.050000 0.100000
0 0.798400 0.719296 0.050000 0.100000
0 0.859908 0.719296 0.050000 0.100000
