0 0.274166 0.782623 0.050000 0.100000
0 0.310810 0.759479 0.050000 0.100000
0 0.376384 0.787766 0.050000 0.100000
0 0.386991 0.528043 0.050000 0.100000
0 0.408207 0.521614 0.050000 0.100000
0 0.398563 0.504899 0.050000 0.100000
0 0.504639 0.534471 0.050000 0.100000
0 0.548033 0.465040 0.050000 0.100000
0 0.633857 0.547329 0.050000 0.100000
0 0.738004 0.579473 0.050000 0.100000
0 0.786220 0.560187 0.050000 0.100000
0 0.928939 0.556329 0.050000 0.100000
0 0.829614 0.408467 0.050000 0.100000
0 0.765005 0.407181 0.050000 0.100000
0 0.767898 0.303035 0.050000 0.100000
0 0.821900 0.300463 0.050000 0.100000
0 0.621321 0.191173 0.050000 0.100000
0 0.632893 0.177030 0.050000 0.100000
0 0.596249 0.166744 0.050000 0.100000
0 0.607821 0.084455 0.050000 0.100000
0 0.622286 0.088313 0.050000 0.100000
0 0.425564 0.225889 0.050000 0.100000
0 0.443886 0.204031 0.050000 0.100000
0 0.327204 0.342893 0.050000 0.100000
0 0.282845 0.281177 0.050000 0.100000
0 0.209557 0.267033 0.050000 0.100000
0 0.196056 0.357037 0.050000 0.100000
0 0.255844 0.399467 0.050000 0.100000
0 0.228843 0.443182 0.050000 0.100000
0 0.206664 0.116599 0.050000 0.100000
0 0.226914 0.079312 0.050000 0.100000
0 0.231736 0.049227 0.050000 0.098454
0 0.305989 0.090884 0.050000 0.100000
0 0.340704 0.096027 0.050000 0.100000
