0 0.183474 0.162755 0.050000 0.100000
0 0.221498 0.154014 0.050000 0.100000
0 0.230676 0.120797 0.050000 0.100000
0 0.272634 0.108559 0.050000 0.100000
0 0.311970 0.094573 0.050000 0.100000
0 0.340816 0.071846 0.050000 0.100000
0 0.348683 0.075342 0.050000 0.100000
0 0.447023 0.209958 0.050000 0.100000
0 0.462757 0.206461 0.050000 0.100000
0 0.191341 0.456461 0.050000 0.100000
0 0.110047 0.723944 0.050000 0.100000
0 0.263456 0.431986 0.050000 0.100000
0 0.389330 0.507161 0.050000 0.100000
0 0.406376 0.531636 0.050000 0.100000
0 0.458823 0.526391 0.050000 0.100000
0 0.519138 0.536881 0.050000 0.100000
0 0.568963 0.526391 0.050000 0.100000
0 0.587320 0.498419 0.050000 0.100000
0 0.551918 0.468699 0.050000 0.100000
0 0.298858 0.751916 0.050000 0.100000
0 0.298858 0.806112 0.050000 0.100000
0 0.360484 0.771147 0.050000 0.100000
0 0.410309 0.769398 0.050000 0.100000
0 0.429977 0.732685 0.050000 0.100000
0 0.427355 0.807860 0.050000 0.100000
0 0.567652 0.638279 0.050000 0.100000
0 0.540117 0.883035 0.050000 0.100000
0 0.593876 0.874293 0.050000 0.100000
0 0.646323 0.874293 0.050000 0.100000
0 0.714505 0.948692 0.050000 0.098448
0 0.968876 0.828839 0.050000 0.100000
0 0.715816 0.514154 0.050000 0.100000
0 0.773509 0.507161 0.050000 0.100000
0 0.850869 0.475692 0.050000 0.100000
0 0.781376 0.302615 0.050000 0.100000
0 0.816778 0.292126 0.050000 0.100000
0 0.783998 0.248419 0.050000 0.100000
0 0.726306 0.244923 0.050000 0.100000
0 0.751218 0.187230 0.050000 0.100000
0 0.787932 0.178489 0.050000 0.100000
