0 0.295381 0.792909 0.050000 0.100000
0 0.332990 0.777480 0.050000 0.100000
0 0.371562 0.790338 0.050000 0.100000
0 0.455458 0.562758 0.050000 0.100000
0 0.445815 0.639904 0.050000 0.100000
0 0.403385 0.530614 0.050000 0.100000
0 0.389884 0.504899 0.050000 0.100000
0 0.505603 0.528043 0.050000 0.100000
0 0.550926 0.468898 0.050000 0.100000
0 0.671466 0.323607 0.050000 0.100000
0 0.772720 0.462469 0.050000 0.100000
0 0.831543 0.439325 0.050000 0.100000
0 0.882652 0.467612 0.050000 0.100000
0 0.801649 0.597474 0.050000 0.100000
0 0.262594 0.303035 0.050000 0.100000
0 0.243308 0.269605 0.050000 0.100000
0 0.196056 0.268319 0.050000 0.100000
0 0.222093 0.224603 0.050000 0.100000
0 0.232700 0.191173 0.050000 0.100000
0 0.276095 0.232318 0.050000 0.100000
0 0.303096 0.291463 0.050000 0.100000
0 0.318525 0.299177 0.050000 0.100000
0 0.419778 0.286320 0.050000 0.100000
0 0.444851 0.210460 0.050000 0.100000
0 0.370598 0.108885 0.050000 0.100000
0 0.344561 0.097313 0.050000 0.100000
0 0.308882 0.094741 0.050000 0.100000
0 0.284774 0.108885 0.050000 0.100000
0 0.280916 0.125600 0.050000 0.100000
0 0.192199 0.078027 0.050000 0.100000
