0 0.553085 0.121643 0.050000 0.100000
0 0.358267 0.299506 0.050000 0.100000
0 0.433123 0.284151 0.050000 0.100000
0 0.440800 0.221451 0.050000 0.100000
0 0.370743 0.217612 0.050000 0.100000
0 0.334275 0.190741 0.050000 0.100000
0 0.341952 0.103729 0.050000 0.100000
0 0.310282 0.090933 0.050000 0.100000
0 0.299726 0.043595 0.050000 0.087190
0 0.332355 0.042315 0.050000 0.084631
0 0.267096 0.052545 0.050000 0.100000
0 0.246942 0.081976 0.050000 0.100000
0 0.223910 0.088374 0.050000 0.100000
0 0.219111 0.108847 0.050000 0.100000
0 0.200877 0.124202 0.050000 0.100000
0 0.223910 0.158751 0.050000 0.100000
0 0.243104 0.203537 0.050000 0.100000
0 0.180724 0.313582 0.050000 0.100000
0 0.214313 0.311022 0.050000 0.100000
0 0.174006 0.734567 0.050000 0.100000
0 0.197038 0.723051 0.050000 0.100000
0 0.046367 0.740965 0.050000 0.100000
0 0.666328 0.472251 0.050000 0.100000
0 0.507019 0.537510 0.050000 0.100000
0 0.407211 0.527273 0.050000 0.100000
0 0.394735 0.501681 0.050000 0.100000
0 0.409131 0.483767 0.050000 0.100000
0 0.542528 0.470971 0.050000 0.100000
0 0.626981 0.381400 0.050000 0.100000
0 0.674006 0.367324 0.050000 0.100000
0 0.674966 0.340453 0.050000 0.100000
0 0.824678 0.435143 0.050000 0.100000
0 0.898574 0.449218 0.050000 0.100000
0 0.705676 0.129321 0.050000 0.100000
0 0.678804 0.110127 0.050000 0.100000
