0 0.091472 0.583575 0.050000 0.100000
0 0.066520 0.479928 0.050000 0.100000
0 0.123142 0.496563 0.050000 0.100000
0 0.029092 0.911150 0.050000 0.100000
0 0.437921 0.842053 0.050000 0.100000
0 0.508939 0.875322 0.050000 0.100000
0 0.463833 0.728169 0.050000 0.100000
0 0.624102 0.801106 0.050000 0.100000
0 0.754620 0.859967 0.050000 0.100000
0 0.719111 0.652673 0.050000 0.100000
0 0.859227 0.693620 0.050000 0.100000
0 0.889937 0.575898 0.050000 0.100000
0 0.506060 0.538790 0.050000 0.100000
0 0.551165 0.525994 0.050000 0.100000
0 0.561722 0.499122 0.050000 0.100000
0 0.541568 0.467133 0.050000 0.100000
0 0.403372 0.525994 0.050000 0.100000
0 0.394735 0.511918 0.050000 0.100000
0 0.415848 0.486326 0.050000 0.100000
0 0.323718 0.316141 0.050000 0.100000
0 0.447518 0.206096 0.050000 0.100000
0 0.607787 0.194580 0.050000 0.100000
0 0.701837 0.126761 0.050000 0.100000
0 0.754620 0.131880 0.050000 0.100000
0 0.769015 0.224010 0.050000 0.100000
0 0.814121 0.222731 0.050000 0.100000
0 0.323718 0.177945 0.050000 0.100000
0 0.257499 0.140837 0.050000 0.100000
0 0.221990 0.111406 0.050000 0.100000
0 0.194159 0.110127 0.050000 0.100000
0 0.192240 0.046794 0.050000 0.093588
0 0.222950 0.046154 0.050000 0.092308
0 0.283411 0.098610 0.050000 0.100000
0 0.303564 0.081976 0.050000 0.100000
0 0.328516 0.081976 0.050000 0.100000
0 0.355388 0.092212 0.050000 0.100000
0 0.368823 0.087094 0.050000 0.100000
0 0.387058 0.112686 0.050000 0.100000
0 0.266136 0.094772 0.050000 0.100000
