0 0.226914 0.270891 0.050000 0.100000
0 0.251022 0.228461 0.050000 0.100000
0 0.323346 0.227175 0.050000 0.100000
0 0.411099 0.228461 0.050000 0.100000
0 0.448708 0.210460 0.050000 0.100000
0 0.393742 0.503613 0.050000 0.100000
0 0.409171 0.525471 0.050000 0.100000
0 0.444851 0.594902 0.050000 0.100000
0 0.444851 0.642475 0.050000 0.100000
0 0.502710 0.533186 0.050000 0.100000
0 0.364812 0.800624 0.050000 0.100000
0 0.307917 0.786480 0.050000 0.100000
0 0.324311 0.755622 0.050000 0.100000
0 0.899045 0.953344 0.050000 0.089144
0 0.542247 0.466326 0.050000 0.100000
0 0.602035 0.195031 0.050000 0.100000
0 0.615535 0.177030 0.050000 0.100000
0 0.595285 0.166744 0.050000 0.100000
0 0.591427 0.111456 0.050000 0.100000
0 0.612642 0.099884 0.050000 0.100000
0 0.719682 0.143600 0.050000 0.100000
0 0.732218 0.143600 0.050000 0.100000
0 0.265487 0.108885 0.050000 0.100000
0 0.248129 0.072884 0.050000 0.100000
0 0.200878 0.084455 0.050000 0.100000
0 0.308882 0.097313 0.050000 0.100000
0 0.337811 0.097313 0.050000 0.100000
0 0.817078 0.255461 0.050000 0.100000
