0 0.731254 0.229746 0.050000 0.100000
0 0.738004 0.169316 0.050000 0.100000
0 0.701360 0.164172 0.050000 0.100000
0 0.674359 0.161601 0.050000 0.100000
0 0.249094 0.306892 0.050000 0.100000
0 0.186413 0.312035 0.050000 0.100000
0 0.336847 0.358322 0.050000 0.100000
0 0.396635 0.503613 0.050000 0.100000
0 0.407242 0.537043 0.050000 0.100000
0 0.501746 0.544758 0.050000 0.100000
0 0.544176 0.466326 0.050000 0.100000
0 0.370598 0.800624 0.050000 0.100000
0 0.303096 0.787766 0.050000 0.100000
0 0.340704 0.772337 0.050000 0.100000
0 0.448708 0.210460 0.050000 0.100000
0 0.332025 0.161601 0.050000 0.100000
0 0.299238 0.162887 0.050000 0.100000
0 0.242343 0.173173 0.050000 0.100000
0 0.283809 0.092170 0.050000 0.100000
0 0.307917 0.103742 0.050000 0.100000
0 0.341668 0.099884 0.050000 0.100000
