0 0.306337 0.094957 0.050000 0.100000
0 0.221019 0.179613 0.050000 0.100000
0 0.189273 0.224587 0.050000 0.100000
0 0.187289 0.317179 0.050000 0.100000
0 0.288480 0.229878 0.050000 0.100000
0 0.298400 0.296015 0.050000 0.100000
0 0.449194 0.206068 0.050000 0.100000
0 0.532527 0.198132 0.050000 0.100000
0 0.601972 0.139931 0.050000 0.100000
0 0.653559 0.145222 0.050000 0.100000
0 0.780543 0.158449 0.050000 0.100000
0 0.881734 0.605539 0.050000 0.100000
0 0.808321 0.608185 0.050000 0.100000
0 0.534511 0.467973 0.050000 0.100000
0 0.568242 0.486491 0.050000 0.100000
0 0.556337 0.520883 0.050000 0.100000
0 0.407527 0.473264 0.050000 0.100000
0 0.395623 0.491782 0.050000 0.100000
0 0.411496 0.544692 0.050000 0.100000
0 0.411496 0.743105 0.050000 0.100000
0 0.437289 0.745751 0.050000 0.100000
0 0.377765 0.798661 0.050000 0.100000
0 0.346019 0.809243 0.050000 0.100000
0 0.294432 0.761624 0.050000 0.100000
0 0.280543 0.785433 0.050000 0.100000
0 0.334115 0.961913 0.050000 0.072007
0 0.391654 0.948686 0.050000 0.098462
