0 0.027595 0.597081 0.050000 0.100000
0 0.139057 0.397992 0.050000 0.100000
0 0.276806 0.354529 0.050000 0.100000
0 0.325177 0.355931 0.050000 0.100000
0 0.249467 0.274613 0.050000 0.100000
0 0.257879 0.183481 0.050000 0.100000
0 0.291528 0.203110 0.050000 0.100000
0 0.454514 0.201708 0.050000 0.100000
0 0.410350 0.533989 0.050000 0.100000
0 0.400886 0.512959 0.050000 0.100000
0 0.416659 0.483516 0.050000 0.100000
0 0.461875 0.650358 0.050000 0.100000
0 0.497627 0.672791 0.050000 0.100000
0 0.508142 0.535391 0.050000 0.100000
0 0.554409 0.524175 0.050000 0.100000
0 0.567027 0.494733 0.050000 0.100000
0 0.551254 0.459682 0.050000 0.100000
0 0.689004 0.602689 0.050000 0.100000
0 0.749993 0.330695 0.050000 0.100000
0 0.793105 0.360137 0.050000 0.100000
0 0.820445 0.346117 0.050000 0.100000
0 0.843578 0.343313 0.050000 0.100000
0 0.845681 0.222738 0.050000 0.100000
0 0.682695 0.081133 0.050000 0.100000
0 0.284167 0.075525 0.050000 0.100000
0 0.273652 0.111978 0.050000 0.100000
0 0.213715 0.071319 0.050000 0.100000
0 0.284167 0.090947 0.050000 0.100000
0 0.295734 0.090947 0.050000 0.100000
