0 0.312626 0.101566 0.050000 0.100000
0 0.336227 0.080587 0.050000 0.100000
0 0.350650 0.084084 0.050000 0.100000
0 0.268045 0.141776 0.050000 0.100000
0 0.308692 0.136531 0.050000 0.100000
0 0.353273 0.136531 0.050000 0.100000
0 0.363762 0.169748 0.050000 0.100000
0 0.245755 0.260657 0.050000 0.100000
0 0.077923 0.496671 0.050000 0.100000
0 0.017371 0.543874 0.034741 0.100000
0 0.091035 0.664503 0.050000 0.100000
0 0.210353 0.753664 0.050000 0.100000
0 0.176262 0.482685 0.050000 0.100000
0 0.258867 0.465203 0.050000 0.100000
0 0.441122 0.204713 0.050000 0.100000
0 0.456856 0.216951 0.050000 0.100000
0 0.387363 0.505412 0.050000 0.100000
0 0.408342 0.531636 0.050000 0.100000
0 0.459479 0.536881 0.050000 0.100000
0 0.534217 0.549119 0.050000 0.100000
0 0.566996 0.526391 0.050000 0.100000
0 0.597154 0.493175 0.050000 0.100000
0 0.549951 0.472196 0.050000 0.100000
0 0.711227 0.746671 0.050000 0.100000
0 0.763675 0.674993 0.050000 0.100000
0 0.691559 0.949567 0.050000 0.096700
0 0.931507 0.967923 0.050000 0.059987
0 0.631245 0.218699 0.050000 0.100000
0 0.694182 0.206461 0.050000 0.100000
0 0.793832 0.201216 0.050000 0.100000
