0 0.118338 0.714594 0.050000 0.100000
0 0.175833 0.848749 0.050000 0.100000
0 0.440720 0.778934 0.050000 0.100000
0 0.385278 0.498304 0.050000 0.100000
0 0.405812 0.516100 0.050000 0.100000
0 0.445853 0.522944 0.050000 0.100000
0 0.474601 0.525682 0.050000 0.100000
0 0.511562 0.527051 0.050000 0.100000
0 0.556736 0.529789 0.050000 0.100000
0 0.569056 0.501042 0.050000 0.100000
0 0.554683 0.473663 0.050000 0.100000
0 0.579323 0.372363 0.050000 0.100000
0 0.709713 0.420275 0.050000 0.100000
0 0.800063 0.412062 0.050000 0.100000
0 0.776449 0.106791 0.050000 0.100000
0 0.748728 0.105422 0.050000 0.100000
0 0.655299 0.084888 0.050000 0.100000
0 0.545442 0.177975 0.050000 0.100000
0 0.445853 0.198509 0.050000 0.100000
0 0.365771 0.201247 0.050000 0.100000
0 0.339077 0.201247 0.050000 0.100000
0 0.292876 0.262849 0.050000 0.100000
0 0.260021 0.199878 0.050000 0.100000
0 0.207660 0.291596 0.050000 0.100000
0 0.164539 0.407955 0.050000 0.100000
0 0.116284 0.414799 0.050000 0.100000
0 0.183019 0.147859 0.050000 0.100000
0 0.199447 0.135539 0.050000 0.100000
0 0.211767 0.150597 0.050000 0.100000
0 0.216900 0.132801 0.050000 0.100000
0 0.268235 0.099947 0.050000 0.100000
0 0.288769 0.099947 0.050000 0.100000
0 0.270288 0.045541 0.050000 0.091083
0 0.292876 0.046226 0.050000 0.092452
0 0.395545 0.046226 0.050000 0.092452
0 0.415052 0.046910 0.050000 0.093821
