0 0.195549 0.145862 0.050000 0.100000
0 0.219333 0.145862 0.050000 0.100000
0 0.268487 0.217744 0.050000 0.100000
0 0.308128 0.217744 0.050000 0.100000
0 0.281172 0.321338 0.050000 0.100000
0 0.155908 0.479900 0.050000 0.100000
0 0.225676 0.484128 0.050000 0.100000
0 0.308128 0.805481 0.050000 0.100000
0 0.761616 0.913304 0.050000 0.100000
0 0.683921 0.942902 0.050000 0.100000
0 0.631595 0.262141 0.050000 0.100000
0 0.663308 0.268484 0.050000 0.100000
0 0.547557 0.467215 0.050000 0.100000
0 0.747346 0.181803 0.050000 0.100000
0 0.782229 0.190259 0.050000 0.100000
0 0.430221 0.202944 0.050000 0.100000
0 0.458762 0.188145 0.050000 0.100000
0 0.457177 0.247342 0.050000 0.100000
0 0.341426 0.128949 0.050000 0.100000
0 0.300200 0.139519 0.050000 0.100000
0 0.279587 0.082437 0.050000 0.100000
0 0.295443 0.084551 0.050000 0.100000
0 0.339840 0.084551 0.050000 0.100000
0 0.358868 0.084551 0.050000 0.100000
