0 0.017254 0.714594 0.034508 0.100000
0 0.209713 0.752924 0.050000 0.100000
0 0.185073 0.479139 0.050000 0.100000
0 0.157352 0.455867 0.050000 0.100000
0 0.134765 0.462712 0.050000 0.100000
0 0.189180 0.428489 0.050000 0.100000
0 0.226141 0.240946 0.050000 0.100000
0 0.264128 0.138276 0.050000 0.100000
0 0.293902 0.139645 0.050000 0.100000
0 0.273369 0.099947 0.050000 0.100000
0 0.292876 0.090364 0.050000 0.100000
0 0.204580 0.046226 0.050000 0.092452
0 0.190206 0.047595 0.050000 0.095190
0 0.448933 0.531158 0.050000 0.100000
0 0.494108 0.532527 0.050000 0.100000
0 0.546469 0.472294 0.050000 0.100000
0 0.567003 0.394265 0.050000 0.100000
0 0.482814 0.595498 0.050000 0.100000
0 0.469467 0.620138 0.050000 0.100000
0 0.640925 0.331295 0.050000 0.100000
0 0.674806 0.271062 0.050000 0.100000
0 0.694313 0.272431 0.050000 0.100000
0 0.722034 0.365518 0.050000 0.100000
0 0.875011 0.420275 0.050000 0.100000
0 0.552629 0.195771 0.050000 0.100000
0 0.455093 0.205354 0.050000 0.100000
0 0.435586 0.216305 0.050000 0.100000
