0 0.042528 0.607887 0.050000 0.100000
0 0.028132 0.733287 0.050000 0.100000
0 0.222950 0.637318 0.050000 0.100000
0 0.568440 0.912430 0.050000 0.100000
0 0.676885 0.908591 0.050000 0.100000
0 0.630820 0.799826 0.050000 0.100000
0 0.716232 0.716653 0.050000 0.100000
0 0.846751 0.821579 0.050000 0.100000
0 0.913929 0.827977 0.050000 0.100000
0 0.553085 0.619404 0.050000 0.100000
0 0.507019 0.537510 0.050000 0.100000
0 0.540609 0.467133 0.050000 0.100000
0 0.408171 0.524714 0.050000 0.100000
0 0.391856 0.500402 0.050000 0.100000
0 0.409131 0.468412 0.050000 0.100000
0 0.667288 0.422347 0.050000 0.100000
0 0.719111 0.409551 0.050000 0.100000
0 0.843871 0.468412 0.050000 0.100000
0 0.719111 0.258559 0.050000 0.100000
0 0.743104 0.199698 0.050000 0.100000
0 0.771894 0.193300 0.050000 0.100000
0 0.648094 0.240645 0.050000 0.100000
0 0.605868 0.116525 0.050000 0.100000
0 0.442720 0.207376 0.050000 0.100000
0 0.364985 0.267516 0.050000 0.100000
0 0.323718 0.245763 0.050000 0.100000
0 0.281491 0.190741 0.050000 0.100000
0 0.238305 0.138278 0.050000 0.100000
0 0.217192 0.154912 0.050000 0.100000
0 0.305484 0.093492 0.050000 0.100000
0 0.344831 0.097331 0.050000 0.100000
0 0.380340 0.048713 0.050000 0.097427
0 0.395695 0.048074 0.050000 0.096147
0 0.227749 0.044875 0.050000 0.089749
0 0.303564 0.047434 0.050000 0.094868
