0 0.058843 0.525994 0.050000 0.100000
0 0.217192 0.314861 0.050000 0.100000
0 0.339073 0.271355 0.050000 0.100000
0 0.362106 0.334055 0.050000 0.100000
0 0.393775 0.249602 0.050000 0.100000
0 0.388977 0.509359 0.050000 0.100000
0 0.418728 0.482488 0.050000 0.100000
0 0.410090 0.528553 0.050000 0.100000
0 0.446559 0.528553 0.050000 0.100000
0 0.502221 0.532392 0.050000 0.100000
0 0.548286 0.520875 0.050000 0.100000
0 0.563641 0.502961 0.050000 0.100000
0 0.547326 0.467133 0.050000 0.100000
0 0.446559 0.212494 0.050000 0.100000
0 0.233507 0.174106 0.050000 0.100000
0 0.200877 0.180504 0.050000 0.100000
0 0.184562 0.093492 0.050000 0.100000
0 0.207595 0.110127 0.050000 0.100000
0 0.205676 0.046154 0.050000 0.092308
0 0.244063 0.066621 0.050000 0.100000
0 0.244063 0.110127 0.050000 0.100000
0 0.288209 0.111406 0.050000 0.100000
0 0.317960 0.097331 0.050000 0.100000
0 0.338113 0.097331 0.050000 0.100000
0 0.365944 0.093492 0.050000 0.100000
0 0.291088 0.044875 0.050000 0.089749
0 0.792048 0.165149 0.050000 0.100000
