0 0.023257 0.723478 0.046514 0.100000
0 0.061051 0.723478 0.050000 0.100000
0 0.098660 0.697763 0.050000 0.100000
0 0.289595 0.750479 0.050000 0.100000
0 0.299238 0.773623 0.050000 0.100000
0 0.365776 0.792909 0.050000 0.100000
0 0.522961 0.877769 0.050000 0.100000
0 0.538390 0.834054 0.050000 0.100000
0 0.648322 0.710621 0.050000 0.100000
0 0.706181 0.727335 0.050000 0.100000
0 0.746683 0.751765 0.050000 0.100000
0 0.964619 0.736336 0.050000 0.100000
0 0.902903 0.470183 0.050000 0.100000
0 0.904831 0.426468 0.050000 0.100000
0 0.757290 0.465040 0.050000 0.100000
0 0.597213 0.517757 0.050000 0.100000
0 0.549962 0.475326 0.050000 0.100000
0 0.504639 0.544758 0.050000 0.100000
0 0.410135 0.534471 0.050000 0.100000
0 0.396635 0.510042 0.050000 0.100000
0 0.440029 0.639904 0.050000 0.100000
0 0.353240 0.241318 0.050000 0.100000
0 0.402421 0.238747 0.050000 0.100000
0 0.450637 0.211746 0.050000 0.100000
0 0.350347 0.098599 0.050000 0.100000
0 0.306953 0.098599 0.050000 0.100000
0 0.282845 0.097313 0.050000 0.100000
0 0.286702 0.061312 0.050000 0.100000
0 0.202806 0.085741 0.050000 0.100000
