0 0.182385 0.061838 0.050000 0.100000
0 0.210687 0.061838 0.050000 0.100000
0 0.229555 0.055549 0.050000 0.100000
0 0.212259 0.099574 0.050000 0.100000
0 0.242133 0.101671 0.050000 0.100000
0 0.272008 0.091188 0.050000 0.100000
0 0.279869 0.091188 0.050000 0.100000
0 0.295593 0.107960 0.050000 0.100000
0 0.355341 0.084899 0.050000 0.100000
0 0.155655 0.334375 0.050000 0.100000
0 0.223266 0.284061 0.050000 0.100000
0 0.248423 0.269385 0.050000 0.100000
0 0.237416 0.323893 0.050000 0.100000
0 0.352196 0.290350 0.050000 0.100000
0 0.347479 0.338568 0.050000 0.100000
0 0.016428 0.575465 0.032857 0.100000
0 0.031442 0.722216 0.050000 0.100000
0 0.124209 0.726409 0.050000 0.100000
0 0.125781 0.808170 0.050000 0.100000
0 0.185530 0.780916 0.050000 0.100000
0 0.451253 0.632069 0.050000 0.100000
0 0.396222 0.778819 0.050000 0.100000
0 0.690247 0.416136 0.050000 0.100000
0 0.768863 0.439197 0.050000 0.100000
0 0.841190 0.516765 0.050000 0.100000
0 0.900938 0.487415 0.050000 0.100000
0 0.797165 0.395172 0.050000 0.100000
0 0.753140 0.300832 0.050000 0.100000
0 0.819177 0.302928 0.050000 0.100000
0 0.880498 0.288253 0.050000 0.100000
0 0.893077 0.279868 0.050000 0.100000
0 0.784586 0.196010 0.050000 0.100000
0 0.756284 0.210685 0.050000 0.100000
0 0.735844 0.172949 0.050000 0.100000
0 0.696536 0.208589 0.050000 0.100000
0 0.545593 0.462258 0.050000 0.100000
