0 0.209042 0.143524 0.050000 0.100000
0 0.219531 0.145272 0.050000 0.100000
0 0.195930 0.264154 0.050000 0.100000
0 0.241821 0.234433 0.050000 0.100000
0 0.269356 0.234433 0.050000 0.100000
0 0.281157 0.271147 0.050000 0.100000
0 0.311314 0.265902 0.050000 0.100000
0 0.311314 0.195972 0.050000 0.100000
0 0.333605 0.195972 0.050000 0.100000
0 0.265423 0.110307 0.050000 0.100000
0 0.296891 0.134783 0.050000 0.100000
0 0.278535 0.096321 0.050000 0.100000
0 0.283780 0.105063 0.050000 0.100000
0 0.306070 0.099818 0.050000 0.100000
0 0.353273 0.046063 0.050000 0.092126
0 0.341472 0.078839 0.050000 0.100000
0 0.355895 0.078839 0.050000 0.100000
0 0.442433 0.204713 0.050000 0.100000
0 0.446367 0.213454 0.050000 0.100000
0 0.568307 0.227440 0.050000 0.100000
0 0.635178 0.260657 0.050000 0.100000
0 0.700738 0.365552 0.050000 0.100000
0 0.549951 0.461706 0.050000 0.100000
0 0.602398 0.501916 0.050000 0.100000
0 0.565685 0.524643 0.050000 0.100000
0 0.526349 0.542126 0.050000 0.100000
0 0.463412 0.540377 0.050000 0.100000
0 0.404409 0.540377 0.050000 0.100000
0 0.371629 0.519398 0.050000 0.100000
0 0.342783 0.820098 0.050000 0.100000
0 0.814811 0.945972 0.050000 0.100000
0 0.910528 0.952189 0.050000 0.091455
