0 0.285689 0.787147 0.050000 0.100000
0 0.615258 0.625614 0.050000 0.100000
0 0.665566 0.610556 0.050000 0.100000
0 0.665566 0.583177 0.050000 0.100000
0 0.573163 0.501042 0.050000 0.100000
0 0.554683 0.472294 0.050000 0.100000
0 0.553656 0.520207 0.050000 0.100000
0 0.507455 0.525682 0.050000 0.100000
0 0.442773 0.518838 0.050000 0.100000
0 0.927373 0.743341 0.050000 0.100000
0 0.805196 0.276538 0.050000 0.100000
0 0.768235 0.157441 0.050000 0.100000
0 0.628605 0.068461 0.050000 0.100000
0 0.609097 0.062986 0.050000 0.100000
0 0.554683 0.193033 0.050000 0.100000
0 0.450987 0.199878 0.050000 0.100000
0 0.438666 0.214936 0.050000 0.100000
0 0.343184 0.256004 0.050000 0.100000
0 0.300063 0.332664 0.050000 0.100000
0 0.282609 0.262849 0.050000 0.100000
0 0.273369 0.238208 0.050000 0.100000
0 0.248728 0.360042 0.050000 0.100000
0 0.200473 0.357305 0.050000 0.100000
0 0.101911 0.391528 0.050000 0.100000
0 0.327783 0.132801 0.050000 0.100000
0 0.304169 0.141014 0.050000 0.100000
0 0.291849 0.093102 0.050000 0.100000
0 0.283635 0.097209 0.050000 0.100000
