0 0.188063 0.171496 0.050000 0.100000
0 0.228710 0.159258 0.050000 0.100000
0 0.216909 0.197720 0.050000 0.100000
0 0.235266 0.195972 0.050000 0.100000
0 0.277224 0.190727 0.050000 0.100000
0 0.310003 0.103314 0.050000 0.100000
0 0.344094 0.084084 0.050000 0.100000
0 0.354584 0.082335 0.050000 0.100000
0 0.441122 0.209958 0.050000 0.100000
0 0.452923 0.209958 0.050000 0.100000
0 0.260178 0.290377 0.050000 0.100000
0 0.296891 0.269398 0.050000 0.100000
0 0.358517 0.274643 0.050000 0.100000
0 0.190685 0.472196 0.050000 0.100000
0 0.262800 0.491426 0.050000 0.100000
0 0.218220 0.769398 0.050000 0.100000
0 0.396542 0.503664 0.050000 0.100000
0 0.405720 0.519398 0.050000 0.100000
0 0.452923 0.545622 0.050000 0.100000
0 0.505370 0.543874 0.050000 0.100000
0 0.570930 0.514154 0.050000 0.100000
0 0.584042 0.500168 0.050000 0.100000
0 0.546017 0.470447 0.050000 0.100000
0 0.806944 0.823594 0.050000 0.100000
0 0.753185 0.954811 0.050000 0.086211
0 0.821367 0.953937 0.050000 0.087959
0 0.979352 0.916251 0.038172 0.100000
0 0.646979 0.391776 0.050000 0.100000
0 0.740073 0.365552 0.050000 0.100000
0 0.626000 0.297370 0.050000 0.100000
0 0.682381 0.279888 0.050000 0.100000
0 0.605021 0.071846 0.050000 0.100000
