0 0.225676 0.086665 0.050000 0.100000
0 0.247874 0.084551 0.050000 0.100000
0 0.271659 0.093008 0.050000 0.100000
0 0.276415 0.048248 0.050000 0.096496
0 0.279587 0.099350 0.050000 0.100000
0 0.290686 0.095122 0.050000 0.100000
0 0.336669 0.090894 0.050000 0.100000
0 0.341426 0.078209 0.050000 0.100000
0 0.371553 0.065524 0.050000 0.100000
0 0.236775 0.122606 0.050000 0.100000
0 0.274830 0.141634 0.050000 0.100000
0 0.285929 0.141634 0.050000 0.100000
0 0.274830 0.167004 0.050000 0.100000
0 0.266902 0.190259 0.050000 0.100000
0 0.243117 0.169118 0.050000 0.100000
0 0.219333 0.171232 0.050000 0.100000
0 0.197134 0.224086 0.050000 0.100000
0 0.206648 0.232543 0.050000 0.100000
0 0.251046 0.247342 0.050000 0.100000
0 0.309714 0.232543 0.050000 0.100000
0 0.339840 0.167004 0.050000 0.100000
0 0.346183 0.230429 0.050000 0.100000
0 0.409608 0.230429 0.050000 0.100000
0 0.446077 0.209287 0.050000 0.100000
0 0.460348 0.200830 0.050000 0.100000
0 0.287515 0.382648 0.050000 0.100000
0 0.249460 0.429160 0.050000 0.100000
0 0.168593 0.710344 0.050000 0.100000
0 0.200306 0.716686 0.050000 0.100000
0 0.392166 0.488357 0.050000 0.100000
0 0.398509 0.509498 0.050000 0.100000
0 0.457177 0.532754 0.050000 0.100000
0 0.526944 0.547553 0.050000 0.100000
0 0.544386 0.458758 0.050000 0.100000
0 0.584026 0.262141 0.050000 0.100000
0 0.650623 0.348822 0.050000 0.100000
0 0.693435 0.359393 0.050000 0.100000
0 0.752103 0.517955 0.050000 0.100000
0 0.807599 0.520069 0.050000 0.100000
0 0.817113 0.427046 0.050000 0.100000
0 0.859925 0.418589 0.050000 0.100000
0 0.891637 0.279054 0.050000 0.100000
