0 0.274601 0.101566 0.050000 0.100000
0 0.285091 0.101566 0.050000 0.100000
0 0.310003 0.096321 0.050000 0.100000
0 0.333605 0.091077 0.050000 0.100000
0 0.353273 0.082335 0.050000 0.100000
0 0.359828 0.080587 0.050000 0.100000
0 0.336227 0.133035 0.050000 0.100000
0 0.279846 0.138279 0.050000 0.100000
0 0.209042 0.192475 0.050000 0.100000
0 0.244444 0.180237 0.050000 0.100000
0 0.442433 0.211706 0.050000 0.100000
0 0.446367 0.218699 0.050000 0.100000
0 0.152661 0.418000 0.050000 0.100000
0 0.173640 0.666251 0.050000 0.100000
0 0.464724 0.549119 0.050000 0.100000
0 0.273290 0.486182 0.050000 0.100000
0 0.264112 0.767650 0.050000 0.100000
0 0.310003 0.774643 0.050000 0.100000
0 0.380807 0.757161 0.050000 0.100000
0 0.353273 0.940727 0.050000 0.100000
0 0.566996 0.671496 0.050000 0.100000
0 0.523727 0.542126 0.050000 0.100000
0 0.547328 0.472196 0.050000 0.100000
0 0.871192 0.320098 0.050000 0.100000
0 0.626000 0.048685 0.050000 0.097370
0 0.624689 0.059608 0.050000 0.100000
0 0.763675 0.129538 0.050000 0.100000
