0 0.038689 0.523435 0.050000 0.100000
0 0.117384 0.550306 0.050000 0.100000
0 0.203756 0.481208 0.050000 0.100000
0 0.251741 0.455616 0.050000 0.100000
0 0.210474 0.373722 0.050000 0.100000
0 0.286290 0.389077 0.050000 0.100000
0 0.199918 0.291829 0.050000 0.100000
0 0.209514 0.262398 0.050000 0.100000
0 0.267096 0.254720 0.050000 0.100000
0 0.261338 0.204816 0.050000 0.100000
0 0.185522 0.051266 0.050000 0.100000
0 0.306443 0.094772 0.050000 0.100000
0 0.345791 0.101170 0.050000 0.100000
0 0.408171 0.220172 0.050000 0.100000
0 0.448478 0.213774 0.050000 0.100000
0 0.390896 0.472251 0.050000 0.100000
0 0.398574 0.513198 0.050000 0.100000
0 0.408171 0.529832 0.050000 0.100000
0 0.510858 0.537510 0.050000 0.100000
0 0.547326 0.470971 0.050000 0.100000
0 0.666328 0.642436 0.050000 0.100000
0 0.696079 0.664189 0.050000 0.100000
0 0.855388 0.476090 0.050000 0.100000
0 0.911050 0.481208 0.050000 0.100000
0 0.736386 0.307184 0.050000 0.100000
0 0.686482 0.298227 0.050000 0.100000
0 0.646175 0.147235 0.050000 0.100000
0 0.617384 0.133159 0.050000 0.100000
0 0.618344 0.101170 0.050000 0.100000
0 0.654812 0.108847 0.050000 0.100000
