0 0.412010 0.490165 0.050000 0.100000
0 0.395695 0.504241 0.050000 0.100000
0 0.405292 0.522155 0.050000 0.100000
0 0.505100 0.528553 0.050000 0.100000
0 0.545407 0.524714 0.050000 0.100000
0 0.563641 0.501681 0.050000 0.100000
0 0.549246 0.476090 0.050000 0.100000
0 0.616424 0.812622 0.050000 0.100000
0 0.499342 0.880440 0.050000 0.100000
0 0.438881 0.825418 0.050000 0.100000
0 0.717192 0.382680 0.050000 0.100000
0 0.749822 0.353249 0.050000 0.100000
0 0.803564 0.363486 0.050000 0.100000
0 0.817000 0.421067 0.050000 0.100000
0 0.626021 0.319980 0.050000 0.100000
0 0.666328 0.325098 0.050000 0.100000
0 0.625061 0.110127 0.050000 0.100000
0 0.697998 0.107568 0.050000 0.100000
0 0.433123 0.304625 0.050000 0.100000
0 0.434083 0.231688 0.050000 0.100000
0 0.447518 0.213774 0.050000 0.100000
0 0.351549 0.209935 0.050000 0.100000
0 0.315081 0.211214 0.050000 0.100000
0 0.148094 0.414669 0.050000 0.100000
0 0.197038 0.170268 0.050000 0.100000
0 0.217192 0.138278 0.050000 0.100000
0 0.196079 0.152353 0.050000 0.100000
0 0.184562 0.103729 0.050000 0.100000
0 0.204716 0.074298 0.050000 0.100000
0 0.254620 0.147235 0.050000 0.100000
0 0.273814 0.156192 0.050000 0.100000
0 0.269015 0.096051 0.050000 0.100000
0 0.292048 0.094772 0.050000 0.100000
0 0.317960 0.080696 0.050000 0.100000
0 0.307403 0.080696 0.050000 0.100000
0 0.340992 0.073019 0.050000 0.100000
0 0.363065 0.084535 0.050000 0.100000
0 0.422566 0.049353 0.050000 0.098706
0 0.212394 0.238086 0.050000 0.100000
