0 0.237522 0.205317 0.050000 0.100000
0 0.216307 0.179602 0.050000 0.100000
0 0.231736 0.162887 0.050000 0.100000
0 0.259701 0.161601 0.050000 0.100000
0 0.177734 0.051026 0.050000 0.100000
0 0.330097 0.141029 0.050000 0.100000
0 0.305989 0.090884 0.050000 0.100000
0 0.345526 0.099884 0.050000 0.100000
0 0.446779 0.204031 0.050000 0.100000
0 0.639643 0.143600 0.050000 0.100000
0 0.621321 0.134600 0.050000 0.100000
0 0.678216 0.143600 0.050000 0.100000
0 0.671466 0.220746 0.050000 0.100000
0 0.659894 0.309463 0.050000 0.100000
0 0.715825 0.317178 0.050000 0.100000
0 0.751504 0.305606 0.050000 0.100000
0 0.807435 0.324893 0.050000 0.100000
0 0.834436 0.241318 0.050000 0.100000
0 0.813221 0.540900 0.050000 0.100000
0 0.805506 0.693906 0.050000 0.100000
0 0.890367 0.682334 0.050000 0.100000
0 0.899045 0.539614 0.050000 0.100000
0 0.507531 0.538329 0.050000 0.100000
0 0.542247 0.467612 0.050000 0.100000
0 0.407242 0.521614 0.050000 0.100000
0 0.374455 0.530614 0.050000 0.100000
0 0.385063 0.507470 0.050000 0.100000
0 0.367705 0.794195 0.050000 0.100000
0 0.320453 0.794195 0.050000 0.100000
0 0.308882 0.758194 0.050000 0.100000
