0 0.375650 0.047340 0.050000 0.094680
0 0.355671 0.097957 0.050000 0.100000
0 0.373547 0.093751 0.050000 0.100000
0 0.293631 0.092349 0.050000 0.100000
0 0.278910 0.100761 0.050000 0.100000
0 0.217921 0.069917 0.050000 0.100000
0 0.193736 0.161049 0.050000 0.100000
0 0.250518 0.214326 0.050000 0.100000
0 0.325177 0.240965 0.050000 0.100000
0 0.366186 0.249377 0.050000 0.100000
0 0.420865 0.257789 0.050000 0.100000
0 0.331486 0.361539 0.050000 0.100000
0 0.276806 0.336303 0.050000 0.100000
0 0.042316 0.505949 0.050000 0.100000
0 0.047574 0.470898 0.050000 0.100000
0 0.147469 0.727470 0.050000 0.100000
0 0.406144 0.524175 0.050000 0.100000
0 0.397732 0.505949 0.050000 0.100000
0 0.416659 0.484918 0.050000 0.100000
0 0.503936 0.535391 0.050000 0.100000
0 0.551254 0.519969 0.050000 0.100000
0 0.561770 0.494733 0.050000 0.100000
0 0.547048 0.476506 0.050000 0.100000
0 0.846733 0.613905 0.050000 0.100000
0 0.741580 0.215728 0.050000 0.100000
0 0.739477 0.190491 0.050000 0.100000
0 0.698468 0.166657 0.050000 0.100000
0 0.653252 0.138616 0.050000 0.100000
0 0.772075 0.184883 0.050000 0.100000
0 0.786796 0.145626 0.050000 0.100000
0 0.264188 0.096555 0.050000 0.100000
