0 0.255844 0.044727 0.050000 0.089454
0 0.269344 0.060026 0.050000 0.100000
0 0.224986 0.114028 0.050000 0.100000
0 0.204735 0.171887 0.050000 0.100000
0 0.210521 0.288891 0.050000 0.100000
0 0.271273 0.207888 0.050000 0.100000
0 0.304060 0.207888 0.050000 0.100000
0 0.350347 0.238747 0.050000 0.100000
0 0.287666 0.092170 0.050000 0.100000
0 0.306953 0.106313 0.050000 0.100000
0 0.345526 0.101170 0.050000 0.100000
0 0.385063 0.044084 0.050000 0.088168
0 0.298274 0.044084 0.050000 0.088168
0 0.320453 0.044084 0.050000 0.088168
0 0.342633 0.044084 0.050000 0.088168
0 0.594320 0.263176 0.050000 0.100000
0 0.633857 0.264462 0.050000 0.100000
0 0.445815 0.206603 0.050000 0.100000
0 0.391813 0.492041 0.050000 0.100000
0 0.409171 0.530614 0.050000 0.100000
0 0.334918 0.765908 0.050000 0.100000
0 0.296345 0.783909 0.050000 0.100000
0 0.379277 0.778766 0.050000 0.100000
0 0.505603 0.525471 0.050000 0.100000
0 0.548033 0.465040 0.050000 0.100000
0 0.617464 0.112742 0.050000 0.100000
0 0.591427 0.102456 0.050000 0.100000
0 0.566355 0.101170 0.050000 0.100000
0 0.657001 0.102456 0.050000 0.100000
0 0.694610 0.090884 0.050000 0.100000
