0 0.451601 0.209174 0.050000 0.100000
0 0.317560 0.191173 0.050000 0.100000
0 0.092874 0.449611 0.050000 0.100000
0 0.082266 0.567901 0.050000 0.100000
0 0.299238 0.754336 0.050000 0.100000
0 0.320453 0.786480 0.050000 0.100000
0 0.366741 0.794195 0.050000 0.100000
0 0.579856 0.902199 0.050000 0.100000
0 0.443886 0.645047 0.050000 0.100000
0 0.447744 0.591045 0.050000 0.100000
0 0.407242 0.528043 0.050000 0.100000
0 0.392777 0.499756 0.050000 0.100000
0 0.510424 0.537043 0.050000 0.100000
0 0.550926 0.474041 0.050000 0.100000
0 0.602999 0.533186 0.050000 0.100000
0 0.681109 0.807053 0.050000 0.100000
0 0.749576 0.897056 0.050000 0.100000
0 0.919296 0.688763 0.050000 0.100000
0 0.632893 0.200174 0.050000 0.100000
0 0.631929 0.089598 0.050000 0.100000
0 0.792970 0.139743 0.050000 0.100000
0 0.243308 0.126885 0.050000 0.100000
0 0.218235 0.133314 0.050000 0.100000
0 0.179663 0.061312 0.050000 0.100000
0 0.245236 0.047941 0.050000 0.095883
0 0.287666 0.097313 0.050000 0.100000
0 0.312739 0.096027 0.050000 0.100000
0 0.341668 0.101170 0.050000 0.100000
0 0.344561 0.046013 0.050000 0.092025
