0 0.245648 0.543478 0.050000 0.100000
0 0.380145 0.483246 0.050000 0.100000
0 0.390412 0.503780 0.050000 0.100000
0 0.448933 0.529789 0.050000 0.100000
0 0.506428 0.548954 0.050000 0.100000
0 0.476654 0.603711 0.050000 0.100000
0 0.530042 0.620138 0.050000 0.100000
0 0.549549 0.476401 0.050000 0.100000
0 0.785689 0.442178 0.050000 0.100000
0 0.890412 0.926777 0.050000 0.100000
0 0.756941 0.190296 0.050000 0.100000
0 0.734354 0.112267 0.050000 0.100000
0 0.715874 0.093102 0.050000 0.100000
0 0.559816 0.197140 0.050000 0.100000
0 0.455093 0.203985 0.050000 0.100000
0 0.436613 0.223150 0.050000 0.100000
0 0.244621 0.327188 0.050000 0.100000
0 0.189180 0.305285 0.050000 0.100000
0 0.203553 0.227257 0.050000 0.100000
0 0.187126 0.217674 0.050000 0.100000
0 0.213820 0.149228 0.050000 0.100000
0 0.272342 0.099947 0.050000 0.100000
0 0.284662 0.093102 0.050000 0.100000
0 0.349344 0.046910 0.050000 0.093821
0 0.384251 0.048279 0.050000 0.096558
0 0.404785 0.044857 0.050000 0.089714
0 0.350371 0.068461 0.050000 0.100000
0 0.363718 0.079413 0.050000 0.100000
