0 0.065561 0.474810 0.050000 0.100000
0 0.107787 0.517037 0.050000 0.100000
0 0.385138 0.783191 0.050000 0.100000
0 0.541568 0.776793 0.050000 0.100000
0 0.587633 0.740965 0.050000 0.100000
0 0.507979 0.529832 0.050000 0.100000
0 0.553085 0.520875 0.050000 0.100000
0 0.563641 0.496563 0.050000 0.100000
0 0.543488 0.467133 0.050000 0.100000
0 0.404332 0.517037 0.050000 0.100000
0 0.389937 0.499122 0.050000 0.100000
0 0.418728 0.476090 0.050000 0.100000
0 0.679764 0.687222 0.050000 0.100000
0 0.753660 0.702577 0.050000 0.100000
0 0.743104 0.789589 0.050000 0.100000
0 0.798766 0.628361 0.050000 0.100000
0 0.890896 0.605328 0.050000 0.100000
0 0.940800 0.761438 0.050000 0.100000
0 0.764217 0.341733 0.050000 0.100000
0 0.778612 0.229129 0.050000 0.100000
0 0.824678 0.231688 0.050000 0.100000
0 0.697038 0.307184 0.050000 0.100000
0 0.446559 0.204816 0.050000 0.100000
0 0.270935 0.096051 0.050000 0.100000
0 0.288209 0.090933 0.050000 0.100000
0 0.264217 0.046794 0.050000 0.093588
0 0.369783 0.084535 0.050000 0.100000
0 0.416808 0.046154 0.050000 0.092308
0 0.306443 0.043595 0.050000 0.087190
