0 0.205062 0.122606 0.050000 0.100000
0 0.263731 0.109921 0.050000 0.100000
0 0.284344 0.109921 0.050000 0.100000
0 0.279587 0.084551 0.050000 0.100000
0 0.295443 0.093008 0.050000 0.100000
0 0.335084 0.084551 0.050000 0.100000
0 0.360454 0.086665 0.050000 0.100000
0 0.431807 0.202944 0.050000 0.100000
0 0.454005 0.186031 0.050000 0.100000
0 0.247874 0.317109 0.050000 0.100000
0 0.289100 0.327680 0.050000 0.100000
0 0.130538 0.570809 0.050000 0.100000
0 0.224090 0.786454 0.050000 0.100000
0 0.555485 0.465101 0.050000 0.100000
0 0.691849 0.420703 0.050000 0.100000
0 0.744174 0.441845 0.050000 0.100000
0 0.790158 0.319223 0.050000 0.100000
0 0.807599 0.302310 0.050000 0.100000
0 0.690263 0.526412 0.050000 0.100000
0 0.820284 0.532754 0.050000 0.100000
0 0.872610 0.566581 0.050000 0.100000
0 0.666479 0.684974 0.050000 0.100000
