0 0.310810 0.787766 0.050000 0.100000
0 0.292488 0.756908 0.050000 0.100000
0 0.369634 0.796767 0.050000 0.100000
0 0.644465 0.875198 0.050000 0.100000
0 0.454494 0.578187 0.050000 0.100000
0 0.442922 0.647618 0.050000 0.100000
0 0.409171 0.522900 0.050000 0.100000
0 0.396635 0.504899 0.050000 0.100000
0 0.501746 0.526757 0.050000 0.100000
0 0.598178 0.504899 0.050000 0.100000
0 0.547069 0.468898 0.050000 0.100000
0 0.747647 0.273462 0.050000 0.100000
0 0.819971 0.294034 0.050000 0.100000
0 0.622286 0.174459 0.050000 0.100000
0 0.447744 0.206603 0.050000 0.100000
0 0.278988 0.201460 0.050000 0.100000
0 0.190270 0.144886 0.050000 0.100000
0 0.283809 0.094741 0.050000 0.100000
0 0.310810 0.096027 0.050000 0.100000
0 0.338775 0.102456 0.050000 0.100000
0 0.165198 0.440611 0.050000 0.100000
0 0.132411 0.443182 0.050000 0.100000
