0 0.214576 0.219858 0.050000 0.100000
0 0.238361 0.217744 0.050000 0.100000
0 0.205062 0.298082 0.050000 0.100000
0 0.230432 0.304424 0.050000 0.100000
0 0.167007 0.355164 0.050000 0.100000
0 0.119439 0.359393 0.050000 0.100000
0 0.206648 0.388991 0.050000 0.100000
0 0.230432 0.408018 0.050000 0.100000
0 0.015930 0.528526 0.031859 0.100000
0 0.070284 0.528526 0.050000 0.100000
0 0.178107 0.718801 0.050000 0.100000
0 0.200306 0.731486 0.050000 0.100000
0 0.309714 0.355164 0.050000 0.100000
0 0.284344 0.171232 0.050000 0.100000
0 0.276415 0.145862 0.050000 0.100000
0 0.274830 0.086665 0.050000 0.100000
0 0.282758 0.095122 0.050000 0.100000
0 0.295443 0.095122 0.050000 0.100000
0 0.331912 0.088780 0.050000 0.100000
0 0.343012 0.080323 0.050000 0.100000
0 0.366796 0.080323 0.050000 0.100000
0 0.392166 0.048248 0.050000 0.096496
0 0.346183 0.109921 0.050000 0.100000
0 0.335084 0.133177 0.050000 0.100000
0 0.439735 0.209287 0.050000 0.100000
0 0.450834 0.200830 0.050000 0.100000
0 0.590369 0.186031 0.050000 0.100000
0 0.601468 0.154319 0.050000 0.100000
0 0.566585 0.114149 0.050000 0.100000
0 0.591955 0.103579 0.050000 0.100000
0 0.769544 0.221972 0.050000 0.100000
0 0.779058 0.228314 0.050000 0.100000
0 0.817113 0.169118 0.050000 0.100000
0 0.888466 0.281169 0.050000 0.100000
0 0.545972 0.473558 0.050000 0.100000
0 0.526944 0.543325 0.050000 0.100000
0 0.461933 0.534868 0.050000 0.100000
0 0.395337 0.484128 0.050000 0.100000
0 0.400094 0.515841 0.050000 0.100000
0 0.609396 0.657490 0.050000 0.100000
