0 0.277587 0.043573 0.050000 0.087147
0 0.591044 0.126862 0.050000 0.100000
0 0.609096 0.118110 0.050000 0.100000
0 0.548374 0.220954 0.050000 0.100000
0 0.449906 0.210013 0.050000 0.100000
0 0.733823 0.205637 0.050000 0.100000
0 0.773210 0.203449 0.050000 0.100000
0 0.838856 0.498853 0.050000 0.100000
0 0.832291 0.680473 0.050000 0.100000
0 0.705923 0.669532 0.050000 0.100000
0 0.579556 0.378503 0.050000 0.100000
0 0.543451 0.479160 0.050000 0.100000
0 0.400672 0.332552 0.050000 0.100000
0 0.399031 0.507606 0.050000 0.100000
0 0.410519 0.520735 0.050000 0.100000
0 0.464676 0.588569 0.050000 0.100000
0 0.446624 0.634521 0.050000 0.100000
0 0.508987 0.529488 0.050000 0.100000
0 0.508987 0.717672 0.050000 0.100000
0 0.595967 0.798635 0.050000 0.100000
0 0.536886 0.844587 0.050000 0.100000
0 0.400672 0.859904 0.050000 0.100000
0 0.395748 0.796446 0.050000 0.100000
0 0.312050 0.757059 0.050000 0.100000
0 0.187324 0.739554 0.050000 0.100000
0 0.167630 0.785506 0.050000 0.100000
0 0.059315 0.652026 0.050000 0.100000
0 0.121678 0.599510 0.050000 0.100000
0 0.110190 0.546994 0.050000 0.100000
