0 0.256734 0.087021 0.050000 0.100000
0 0.296416 0.097603 0.050000 0.100000
0 0.314273 0.089666 0.050000 0.100000
0 0.367845 0.089666 0.050000 0.100000
0 0.336099 0.163740 0.050000 0.100000
0 0.443242 0.200777 0.050000 0.100000
0 0.548400 0.203423 0.050000 0.100000
0 0.605940 0.190195 0.050000 0.100000
0 0.627765 0.113476 0.050000 0.100000
0 0.617845 0.182259 0.050000 0.100000
0 0.224988 0.237814 0.050000 0.100000
0 0.219035 0.301306 0.050000 0.100000
0 0.389670 0.505010 0.050000 0.100000
0 0.423400 0.542047 0.050000 0.100000
0 0.504750 0.531465 0.050000 0.100000
0 0.570226 0.523528 0.050000 0.100000
0 0.601972 0.502364 0.050000 0.100000
0 0.546416 0.475909 0.050000 0.100000
0 0.439273 0.724587 0.050000 0.100000
0 0.419432 0.740460 0.050000 0.100000
0 0.373797 0.796015 0.050000 0.100000
0 0.349988 0.806597 0.050000 0.100000
0 0.332130 0.777497 0.050000 0.100000
0 0.300384 0.790724 0.050000 0.100000
0 0.627765 0.960590 0.050000 0.074653
0 0.824194 0.600248 0.050000 0.100000
