0 0.208555 0.820300 0.050000 0.100000
0 0.408171 0.533671 0.050000 0.100000
0 0.396655 0.508079 0.050000 0.100000
0 0.415848 0.482488 0.050000 0.100000
0 0.512777 0.538790 0.050000 0.100000
0 0.554044 0.533671 0.050000 0.100000
0 0.564601 0.504241 0.050000 0.100000
0 0.539649 0.468412 0.050000 0.100000
0 0.711434 0.447939 0.050000 0.100000
0 0.736386 0.408271 0.050000 0.100000
0 0.650013 0.245763 0.050000 0.100000
0 0.641376 0.229129 0.050000 0.100000
0 0.641376 0.192021 0.050000 0.100000
0 0.708555 0.245763 0.050000 0.100000
0 0.795887 0.679545 0.050000 0.100000
0 0.379380 0.311022 0.050000 0.100000
0 0.317960 0.302065 0.050000 0.100000
0 0.416808 0.291829 0.050000 0.100000
0 0.450397 0.207376 0.050000 0.100000
0 0.282451 0.225290 0.050000 0.100000
0 0.237346 0.252161 0.050000 0.100000
0 0.204716 0.249602 0.050000 0.100000
0 0.242144 0.186902 0.050000 0.100000
0 0.279572 0.174106 0.050000 0.100000
0 0.310282 0.184343 0.050000 0.100000
0 0.298766 0.142117 0.050000 0.100000
0 0.325637 0.129321 0.050000 0.100000
0 0.341952 0.125482 0.050000 0.100000
0 0.272854 0.096051 0.050000 0.100000
0 0.292048 0.093492 0.050000 0.100000
0 0.288209 0.074298 0.050000 0.100000
0 0.364985 0.084535 0.050000 0.100000
0 0.189361 0.044235 0.050000 0.088470
0 0.251741 0.045514 0.050000 0.091029
