0 0.184785 0.078839 0.050000 0.100000
0 0.205764 0.108559 0.050000 0.100000
0 0.220187 0.143524 0.050000 0.100000
0 0.268701 0.108559 0.050000 0.100000
0 0.290991 0.108559 0.050000 0.100000
0 0.308036 0.096321 0.050000 0.100000
0 0.259523 0.140028 0.050000 0.100000
0 0.208386 0.206461 0.050000 0.100000
0 0.238543 0.213454 0.050000 0.100000
0 0.048421 0.496671 0.050000 0.100000
0 0.099557 0.418000 0.050000 0.100000
0 0.224120 0.360307 0.050000 0.100000
0 0.388019 0.297370 0.050000 0.100000
0 0.445711 0.213454 0.050000 0.100000
0 0.348683 0.522895 0.050000 0.100000
0 0.418176 0.526391 0.050000 0.100000
0 0.563718 0.529888 0.050000 0.100000
0 0.572897 0.496671 0.050000 0.100000
0 0.542739 0.468699 0.050000 0.100000
0 0.322460 0.757161 0.050000 0.100000
0 0.357862 0.793874 0.050000 0.100000
0 0.405064 0.748419 0.050000 0.100000
0 0.405064 0.774643 0.050000 0.100000
0 0.441778 0.795622 0.050000 0.100000
0 0.464068 0.804363 0.050000 0.100000
0 0.503404 0.739678 0.050000 0.100000
0 0.610921 0.694223 0.050000 0.100000
0 0.844313 0.734433 0.050000 0.100000
0 0.904627 0.804363 0.050000 0.100000
0 0.921673 0.668000 0.050000 0.100000
0 0.663369 0.935482 0.050000 0.100000
