0 0.269356 0.098070 0.050000 0.100000
0 0.279846 0.091077 0.050000 0.100000
0 0.300825 0.094573 0.050000 0.100000
0 0.342783 0.080587 0.050000 0.100000
0 0.355895 0.084084 0.050000 0.100000
0 0.303447 0.161007 0.050000 0.100000
0 0.317870 0.194223 0.050000 0.100000
0 0.329671 0.194223 0.050000 0.100000
0 0.350650 0.190727 0.050000 0.100000
0 0.363762 0.171496 0.050000 0.100000
0 0.434566 0.201216 0.050000 0.100000
0 0.443745 0.206461 0.050000 0.100000
0 0.240510 0.356811 0.050000 0.100000
0 0.286402 0.356811 0.050000 0.100000
0 0.396542 0.505412 0.050000 0.100000
0 0.403098 0.536881 0.050000 0.100000
0 0.458168 0.533384 0.050000 0.100000
0 0.519793 0.554363 0.050000 0.100000
0 0.574863 0.521147 0.050000 0.100000
0 0.587975 0.498419 0.050000 0.100000
0 0.553884 0.466951 0.050000 0.100000
0 0.678447 0.232685 0.050000 0.100000
0 0.709916 0.388279 0.050000 0.100000
0 0.292958 0.739678 0.050000 0.100000
0 0.574863 0.954811 0.050000 0.086211
0 0.744007 0.919748 0.050000 0.100000
