0 0.311299 0.048248 0.050000 0.096496
0 0.273244 0.090894 0.050000 0.100000
0 0.282758 0.099350 0.050000 0.100000
0 0.290686 0.095122 0.050000 0.100000
0 0.341426 0.093008 0.050000 0.100000
0 0.346183 0.080323 0.050000 0.100000
0 0.311299 0.154319 0.050000 0.100000
0 0.330327 0.154319 0.050000 0.100000
0 0.447663 0.205059 0.050000 0.100000
0 0.455591 0.200830 0.050000 0.100000
0 0.457177 0.219858 0.050000 0.100000
0 0.577684 0.133177 0.050000 0.100000
0 0.807599 0.188145 0.050000 0.100000
0 0.815528 0.175460 0.050000 0.100000
0 0.853583 0.695545 0.050000 0.100000
0 0.861511 0.775883 0.050000 0.100000
0 0.923350 0.674403 0.050000 0.100000
0 0.517430 0.534868 0.050000 0.100000
0 0.393752 0.484128 0.050000 0.100000
0 0.395337 0.509498 0.050000 0.100000
0 0.463519 0.539097 0.050000 0.100000
0 0.446077 0.625777 0.050000 0.100000
0 0.549143 0.467215 0.050000 0.100000
0 0.176521 0.526412 0.050000 0.100000
0 0.325570 0.792796 0.050000 0.100000
0 0.190792 0.325566 0.050000 0.100000
0 0.181278 0.213515 0.050000 0.100000
0 0.208234 0.202944 0.050000 0.100000
0 0.281172 0.266369 0.050000 0.100000
0 0.314470 0.270598 0.050000 0.100000
0 0.352525 0.321338 0.050000 0.100000
0 0.358868 0.101464 0.050000 0.100000
0 0.362039 0.082437 0.050000 0.100000
