0 0.024221 0.651476 0.048443 0.100000
0 0.014578 0.583330 0.029156 0.100000
0 0.225950 0.935629 0.050000 0.100000
0 0.314667 0.763337 0.050000 0.100000
0 0.320453 0.795481 0.050000 0.100000
0 0.361919 0.789052 0.050000 0.100000
0 0.450637 0.641190 0.050000 0.100000
0 0.404349 0.522900 0.050000 0.100000
0 0.393742 0.495899 0.050000 0.100000
0 0.504639 0.528043 0.050000 0.100000
0 0.544176 0.472755 0.050000 0.100000
0 0.811292 0.495899 0.050000 0.100000
0 0.815150 0.632189 0.050000 0.100000
0 0.894224 0.609046 0.050000 0.100000
0 0.881688 0.477898 0.050000 0.100000
0 0.711003 0.345465 0.050000 0.100000
0 0.658930 0.344179 0.050000 0.100000
0 0.764041 0.315892 0.050000 0.100000
0 0.779470 0.274748 0.050000 0.100000
0 0.852758 0.273462 0.050000 0.100000
0 0.663751 0.229746 0.050000 0.100000
0 0.639643 0.151315 0.050000 0.100000
0 0.610714 0.164172 0.050000 0.100000
0 0.683038 0.148743 0.050000 0.100000
0 0.600106 0.143600 0.050000 0.100000
0 0.548033 0.202745 0.050000 0.100000
0 0.445815 0.209174 0.050000 0.100000
0 0.284774 0.171887 0.050000 0.100000
0 0.275130 0.165458 0.050000 0.100000
0 0.254880 0.182173 0.050000 0.100000
0 0.211485 0.184745 0.050000 0.100000
0 0.197020 0.058740 0.050000 0.100000
0 0.325275 0.125600 0.050000 0.100000
0 0.307917 0.092170 0.050000 0.100000
0 0.343597 0.093456 0.050000 0.100000
