0 0.098047 0.676997 0.050000 0.100000
0 0.024720 0.716254 0.049441 0.100000
0 0.015257 0.723264 0.030513 0.100000
0 0.017885 0.626524 0.035771 0.100000
0 0.346207 0.811592 0.050000 0.100000
0 0.318867 0.752707 0.050000 0.100000
0 0.439793 0.759717 0.050000 0.100000
0 0.773126 0.789159 0.050000 0.100000
0 0.862506 0.769531 0.050000 0.100000
0 0.717395 0.389580 0.050000 0.100000
0 0.565976 0.493330 0.050000 0.100000
0 0.545997 0.475104 0.050000 0.100000
0 0.542842 0.526979 0.050000 0.100000
0 0.503936 0.526979 0.050000 0.100000
0 0.410350 0.529783 0.050000 0.100000
0 0.396680 0.505949 0.050000 0.100000
0 0.452411 0.196100 0.050000 0.100000
0 0.551254 0.196100 0.050000 0.100000
0 0.298889 0.071319 0.050000 0.100000
0 0.278910 0.095153 0.050000 0.100000
0 0.290476 0.088143 0.050000 0.100000
0 0.287322 0.065710 0.050000 0.100000
0 0.202148 0.071319 0.050000 0.100000
0 0.190581 0.048041 0.050000 0.096082
0 0.185324 0.354529 0.050000 0.100000
0 0.297837 0.117586 0.050000 0.100000
