0 0.236558 0.051026 0.050000 0.100000
0 0.225950 0.051026 0.050000 0.100000
0 0.186413 0.060026 0.050000 0.100000
0 0.194127 0.045370 0.050000 0.090740
0 0.197020 0.115314 0.050000 0.100000
0 0.240415 0.121742 0.050000 0.100000
0 0.204735 0.184745 0.050000 0.100000
0 0.286702 0.094741 0.050000 0.100000
0 0.310810 0.090884 0.050000 0.100000
0 0.338775 0.096027 0.050000 0.100000
0 0.312739 0.155172 0.050000 0.100000
0 0.339740 0.155172 0.050000 0.100000
0 0.366741 0.147458 0.050000 0.100000
0 0.443886 0.202745 0.050000 0.100000
0 0.618428 0.312035 0.050000 0.100000
0 0.640608 0.335179 0.050000 0.100000
0 0.601071 0.147458 0.050000 0.100000
0 0.627107 0.148743 0.050000 0.100000
0 0.725468 0.247747 0.050000 0.100000
0 0.732218 0.219460 0.050000 0.100000
0 0.792006 0.223317 0.050000 0.100000
0 0.819971 0.227175 0.050000 0.100000
0 0.847937 0.421325 0.050000 0.100000
0 0.880723 0.405895 0.050000 0.100000
0 0.591427 0.516471 0.050000 0.100000
0 0.549962 0.472755 0.050000 0.100000
0 0.504639 0.535757 0.050000 0.100000
0 0.410135 0.526757 0.050000 0.100000
0 0.393742 0.508756 0.050000 0.100000
0 0.449672 0.634761 0.050000 0.100000
0 0.440993 0.583330 0.050000 0.100000
0 0.372527 0.794195 0.050000 0.100000
0 0.309846 0.774909 0.050000 0.100000
0 0.281881 0.749193 0.050000 0.100000
0 0.268380 0.385323 0.050000 0.100000
0 0.216307 0.381466 0.050000 0.100000
0 0.177734 0.318464 0.050000 0.100000
0 0.215342 0.258033 0.050000 0.100000
0 0.251987 0.270891 0.050000 0.100000
0 0.274166 0.254176 0.050000 0.100000
