0 0.112769 0.455476 0.050000 0.100000
0 0.408247 0.536794 0.050000 0.100000
0 0.400886 0.515763 0.050000 0.100000
0 0.419814 0.486320 0.050000 0.100000
0 0.449257 0.669987 0.050000 0.100000
0 0.467132 0.689615 0.050000 0.100000
0 0.503936 0.528381 0.050000 0.100000
0 0.543894 0.524175 0.050000 0.100000
0 0.558615 0.498939 0.050000 0.100000
0 0.541791 0.477908 0.050000 0.100000
0 0.815187 0.820004 0.050000 0.100000
0 0.645892 0.232552 0.050000 0.100000
0 0.649046 0.145626 0.050000 0.100000
0 0.659561 0.086741 0.050000 0.100000
0 0.735271 0.121792 0.050000 0.100000
0 0.241055 0.253583 0.050000 0.100000
0 0.225282 0.219934 0.050000 0.100000
0 0.243158 0.200306 0.050000 0.100000
0 0.276806 0.204512 0.050000 0.100000
0 0.224230 0.127400 0.050000 0.100000
0 0.184272 0.133008 0.050000 0.100000
0 0.195839 0.111978 0.050000 0.100000
0 0.217921 0.092349 0.050000 0.100000
0 0.226333 0.068515 0.050000 0.100000
0 0.270497 0.099359 0.050000 0.100000
0 0.281013 0.090947 0.050000 0.100000
0 0.297837 0.096555 0.050000 0.100000
0 0.328331 0.095153 0.050000 0.100000
0 0.313610 0.097957 0.050000 0.100000
0 0.368289 0.083937 0.050000 0.100000
0 0.364083 0.090947 0.050000 0.100000
0 0.543894 0.071319 0.050000 0.100000
