0 0.318242 0.084375 0.050000 0.100000
0 0.377765 0.043378 0.050000 0.086756
0 0.451178 0.211359 0.050000 0.100000
0 0.548400 0.203423 0.050000 0.100000
0 0.568242 0.084375 0.050000 0.100000
0 0.197210 0.235169 0.050000 0.100000
0 0.256734 0.224587 0.050000 0.100000
0 0.246813 0.346280 0.050000 0.100000
0 0.123797 0.412417 0.050000 0.100000
0 0.019835 0.515592 0.039670 0.100000
0 0.060305 0.544692 0.050000 0.100000
0 0.413480 0.465327 0.050000 0.100000
0 0.389670 0.505010 0.050000 0.100000
0 0.417448 0.528819 0.050000 0.100000
0 0.550384 0.531465 0.050000 0.100000
0 0.570226 0.502364 0.050000 0.100000
0 0.548400 0.475909 0.050000 0.100000
0 0.407527 0.727232 0.050000 0.100000
0 0.429353 0.729878 0.050000 0.100000
0 0.377765 0.788079 0.050000 0.100000
0 0.348003 0.803952 0.050000 0.100000
0 0.304353 0.769560 0.050000 0.100000
0 0.294432 0.796015 0.050000 0.100000
0 0.768638 0.956622 0.050000 0.082589
0 0.857924 0.957945 0.050000 0.079944
