0 0.233327 0.142383 0.050000 0.100000
0 0.257968 0.143752 0.050000 0.100000
0 0.262075 0.205354 0.050000 0.100000
0 0.202527 0.049648 0.050000 0.099296
0 0.274395 0.105422 0.050000 0.100000
0 0.289796 0.097209 0.050000 0.100000
0 0.371931 0.093102 0.050000 0.100000
0 0.444826 0.214936 0.050000 0.100000
0 0.456120 0.197140 0.050000 0.100000
0 0.194313 0.379207 0.050000 0.100000
0 0.158379 0.592760 0.050000 0.100000
0 0.398625 0.485983 0.050000 0.100000
0 0.450987 0.527051 0.050000 0.100000
0 0.500268 0.539372 0.050000 0.100000
0 0.485894 0.580439 0.050000 0.100000
0 0.473574 0.621507 0.050000 0.100000
0 0.291849 0.795361 0.050000 0.100000
0 0.853451 0.877496 0.050000 0.100000
0 0.549549 0.476401 0.050000 0.100000
0 0.564950 0.186189 0.050000 0.100000
0 0.691233 0.208092 0.050000 0.100000
0 0.718954 0.198509 0.050000 0.100000
0 0.739488 0.182082 0.050000 0.100000
0 0.771315 0.184820 0.050000 0.100000
0 0.801089 0.180713 0.050000 0.100000
