0 0.024954 0.488721 0.049909 0.100000
0 0.123471 0.410693 0.050000 0.100000
0 0.131685 0.354567 0.050000 0.100000
0 0.195340 0.406586 0.050000 0.100000
0 0.191233 0.332664 0.050000 0.100000
0 0.242568 0.329926 0.050000 0.100000
0 0.301089 0.316237 0.050000 0.100000
0 0.376038 0.265586 0.050000 0.100000
0 0.417106 0.251897 0.050000 0.100000
0 0.442773 0.214936 0.050000 0.100000
0 0.453040 0.201247 0.050000 0.100000
0 0.440720 0.522944 0.050000 0.100000
0 0.516695 0.532527 0.050000 0.100000
0 0.552629 0.520207 0.050000 0.100000
0 0.562896 0.496935 0.050000 0.100000
0 0.545442 0.466819 0.050000 0.100000
0 0.613204 0.622876 0.050000 0.100000
0 0.661459 0.599604 0.050000 0.100000
0 0.664539 0.576333 0.050000 0.100000
0 0.586510 0.896661 0.050000 0.100000
0 0.839077 0.799467 0.050000 0.100000
0 0.917106 0.798098 0.050000 0.100000
0 0.203553 0.748817 0.050000 0.100000
0 0.188153 0.127325 0.050000 0.100000
0 0.261048 0.190296 0.050000 0.100000
0 0.257968 0.161548 0.050000 0.100000
0 0.308276 0.186189 0.050000 0.100000
0 0.320596 0.149228 0.050000 0.100000
0 0.302116 0.127325 0.050000 0.100000
0 0.291849 0.093102 0.050000 0.100000
0 0.273369 0.093102 0.050000 0.100000
0 0.370904 0.046226 0.050000 0.092452
0 0.406839 0.049648 0.050000 0.099296
0 0.557763 0.197140 0.050000 0.100000
0 0.617311 0.073937 0.050000 0.100000
0 0.630658 0.067092 0.050000 0.100000
0 0.696366 0.120480 0.050000 0.100000
0 0.741541 0.101315 0.050000 0.100000
