0 0.229555 0.084899 0.050000 0.100000
0 0.229555 0.049630 0.050000 0.099260
0 0.275152 0.089092 0.050000 0.100000
0 0.284586 0.093285 0.050000 0.100000
0 0.308171 0.089092 0.050000 0.100000
0 0.358486 0.084899 0.050000 0.100000
0 0.272008 0.229553 0.050000 0.100000
0 0.413517 0.250518 0.050000 0.100000
0 0.330184 0.267289 0.050000 0.100000
0 0.383643 0.336471 0.050000 0.100000
0 0.157228 0.349050 0.050000 0.100000
0 0.210687 0.349050 0.050000 0.100000
0 0.224838 0.420329 0.050000 0.100000
0 0.393077 0.491608 0.050000 0.100000
0 0.551882 0.468547 0.050000 0.100000
0 0.323894 0.818652 0.050000 0.100000
0 0.871064 0.835423 0.050000 0.100000
