0 0.366741 0.043441 0.050000 0.086882
0 0.386027 0.044727 0.050000 0.089454
0 0.195092 0.045370 0.050000 0.090740
0 0.211485 0.044084 0.050000 0.088168
0 0.228843 0.161601 0.050000 0.100000
0 0.284774 0.098599 0.050000 0.100000
0 0.308882 0.094741 0.050000 0.100000
0 0.339740 0.103742 0.050000 0.100000
0 0.360955 0.215603 0.050000 0.100000
0 0.408207 0.287605 0.050000 0.100000
0 0.440029 0.283748 0.050000 0.100000
0 0.446779 0.209174 0.050000 0.100000
0 0.554783 0.117885 0.050000 0.100000
0 0.594320 0.123028 0.050000 0.100000
0 0.671466 0.321035 0.050000 0.100000
0 0.783327 0.366037 0.050000 0.100000
0 0.864330 0.386609 0.050000 0.100000
0 0.597213 0.507470 0.050000 0.100000
0 0.495960 0.534471 0.050000 0.100000
0 0.448708 0.578187 0.050000 0.100000
0 0.444851 0.646333 0.050000 0.100000
0 0.402421 0.522900 0.050000 0.100000
0 0.394706 0.504899 0.050000 0.100000
0 0.364812 0.787766 0.050000 0.100000
0 0.330097 0.776194 0.050000 0.100000
0 0.258737 0.759479 0.050000 0.100000
0 0.543211 0.470183 0.050000 0.100000
