0 0.214378 0.276034 0.050000 0.100000
0 0.293452 0.223317 0.050000 0.100000
0 0.412064 0.241318 0.050000 0.100000
0 0.448708 0.207888 0.050000 0.100000
0 0.360955 0.809624 0.050000 0.100000
0 0.307917 0.771051 0.050000 0.100000
0 0.280916 0.790338 0.050000 0.100000
0 0.162305 0.950130 0.050000 0.095573
0 0.736075 0.915056 0.050000 0.100000
0 0.964619 0.952059 0.050000 0.091716
0 0.881688 0.719621 0.050000 0.100000
0 0.768862 0.702906 0.050000 0.100000
0 0.594320 0.501042 0.050000 0.100000
0 0.549962 0.467612 0.050000 0.100000
0 0.506567 0.531900 0.050000 0.100000
0 0.469923 0.573044 0.050000 0.100000
0 0.440993 0.647618 0.050000 0.100000
0 0.406278 0.531900 0.050000 0.100000
0 0.386991 0.502327 0.050000 0.100000
0 0.671466 0.228461 0.050000 0.100000
0 0.705217 0.227175 0.050000 0.100000
0 0.229807 0.094741 0.050000 0.100000
0 0.247165 0.084455 0.050000 0.100000
0 0.284774 0.098599 0.050000 0.100000
0 0.308882 0.090884 0.050000 0.100000
0 0.338775 0.098599 0.050000 0.100000
