0 0.131779 0.511918 0.050000 0.100000
0 0.161530 0.504241 0.050000 0.100000
0 0.250781 0.426186 0.050000 0.100000
0 0.340992 0.421067 0.050000 0.100000
0 0.243104 0.318700 0.050000 0.100000
0 0.183603 0.328937 0.050000 0.100000
0 0.416808 0.479928 0.050000 0.100000
0 0.391856 0.506800 0.050000 0.100000
0 0.409131 0.527273 0.050000 0.100000
0 0.433123 0.536230 0.050000 0.100000
0 0.467672 0.632200 0.050000 0.100000
0 0.507019 0.543908 0.050000 0.100000
0 0.544447 0.527273 0.050000 0.100000
0 0.561722 0.504241 0.050000 0.100000
0 0.542528 0.472251 0.050000 0.100000
0 0.600109 0.922667 0.050000 0.100000
0 0.820839 0.931624 0.050000 0.100000
0 0.860186 0.463294 0.050000 0.100000
0 0.796847 0.253441 0.050000 0.100000
0 0.768056 0.249602 0.050000 0.100000
0 0.710474 0.275194 0.050000 0.100000
0 0.653852 0.200978 0.050000 0.100000
0 0.657691 0.106288 0.050000 0.100000
0 0.445599 0.209935 0.050000 0.100000
0 0.396655 0.189461 0.050000 0.100000
0 0.369783 0.197139 0.050000 0.100000
0 0.309323 0.175386 0.050000 0.100000
0 0.208555 0.175386 0.050000 0.100000
0 0.200877 0.120363 0.050000 0.100000
0 0.198958 0.093492 0.050000 0.100000
0 0.227749 0.094772 0.050000 0.100000
0 0.236386 0.089653 0.050000 0.100000
0 0.274774 0.098610 0.050000 0.100000
0 0.289169 0.090933 0.050000 0.100000
0 0.303564 0.080696 0.050000 0.100000
0 0.317960 0.079417 0.050000 0.100000
0 0.332355 0.074298 0.050000 0.100000
0 0.351549 0.085815 0.050000 0.100000
0 0.364025 0.084535 0.050000 0.100000
0 0.257499 0.043595 0.050000 0.087190
0 0.208555 0.046154 0.050000 0.092308
