0 0.384099 0.043441 0.050000 0.086882
0 0.323346 0.762051 0.050000 0.100000
0 0.297310 0.777480 0.050000 0.100000
0 0.369634 0.798052 0.050000 0.100000
0 0.447744 0.642475 0.050000 0.100000
0 0.452565 0.573044 0.050000 0.100000
0 0.405314 0.526757 0.050000 0.100000
0 0.393742 0.504899 0.050000 0.100000
0 0.507531 0.534471 0.050000 0.100000
0 0.548033 0.467612 0.050000 0.100000
0 0.561533 0.594902 0.050000 0.100000
0 0.637715 0.578187 0.050000 0.100000
0 0.797792 0.641190 0.050000 0.100000
0 0.841186 0.520328 0.050000 0.100000
0 0.825757 0.965559 0.050000 0.064715
0 0.918332 0.961702 0.050000 0.072429
0 0.192199 0.512614 0.050000 0.100000
0 0.092874 0.507470 0.050000 0.100000
0 0.318525 0.258033 0.050000 0.100000
0 0.337811 0.173173 0.050000 0.100000
0 0.317560 0.125600 0.050000 0.100000
0 0.284774 0.093456 0.050000 0.100000
0 0.306953 0.103742 0.050000 0.100000
0 0.332025 0.102456 0.050000 0.100000
0 0.278988 0.048584 0.050000 0.097168
0 0.295381 0.045370 0.050000 0.090740
0 0.447744 0.211746 0.050000 0.100000
0 0.402421 0.186030 0.050000 0.100000
0 0.619393 0.155172 0.050000 0.100000
0 0.658930 0.153886 0.050000 0.100000
0 0.725468 0.108885 0.050000 0.100000
0 0.727396 0.093456 0.050000 0.100000
0 0.553819 0.150029 0.050000 0.100000
