0 0.392777 0.507470 0.050000 0.100000
0 0.407242 0.526757 0.050000 0.100000
0 0.500781 0.540900 0.050000 0.100000
0 0.592392 0.513899 0.050000 0.100000
0 0.459315 0.643761 0.050000 0.100000
0 0.367705 0.801910 0.050000 0.100000
0 0.297310 0.777480 0.050000 0.100000
0 0.288631 0.751765 0.050000 0.100000
0 0.225950 0.686191 0.050000 0.100000
0 0.019400 0.624475 0.038800 0.100000
0 0.230772 0.467612 0.050000 0.100000
0 0.215342 0.450897 0.050000 0.100000
0 0.228843 0.359608 0.050000 0.100000
0 0.166162 0.331321 0.050000 0.100000
0 0.219200 0.251604 0.050000 0.100000
0 0.192199 0.246461 0.050000 0.100000
0 0.204735 0.228461 0.050000 0.100000
0 0.223057 0.218174 0.050000 0.100000
0 0.205699 0.155172 0.050000 0.100000
0 0.266451 0.196316 0.050000 0.100000
0 0.267416 0.150029 0.050000 0.100000
0 0.299238 0.166744 0.050000 0.100000
0 0.320453 0.146172 0.050000 0.100000
0 0.334918 0.170601 0.050000 0.100000
0 0.310810 0.096027 0.050000 0.100000
0 0.285738 0.092170 0.050000 0.100000
0 0.350347 0.098599 0.050000 0.100000
0 0.807435 0.169316 0.050000 0.100000
0 0.819007 0.177030 0.050000 0.100000
0 0.833472 0.187316 0.050000 0.100000
0 0.736075 0.146172 0.050000 0.100000
0 0.708110 0.138457 0.050000 0.100000
0 0.628072 0.198888 0.050000 0.100000
0 0.601071 0.150029 0.050000 0.100000
0 0.578891 0.936914 0.050000 0.100000
0 0.772720 0.827625 0.050000 0.100000
0 0.947261 0.964916 0.050000 0.066001
0 0.392777 0.327464 0.050000 0.100000
0 0.375420 0.294034 0.050000 0.100000
0 0.319489 0.294034 0.050000 0.100000
0 0.445815 0.288891 0.050000 0.100000
0 0.448708 0.211746 0.050000 0.100000
0 0.372527 0.173173 0.050000 0.100000
0 0.196056 0.045370 0.050000 0.090740
0 0.183520 0.047298 0.050000 0.094597
