0 0.226333 0.047340 0.050000 0.094680
0 0.279961 0.093751 0.050000 0.100000
0 0.294682 0.095153 0.050000 0.100000
0 0.279961 0.113380 0.050000 0.100000
0 0.228436 0.074123 0.050000 0.100000
0 0.223179 0.120390 0.050000 0.100000
0 0.270497 0.127400 0.050000 0.100000
0 0.270497 0.190491 0.050000 0.100000
0 0.278910 0.205914 0.050000 0.100000
0 0.454514 0.203110 0.050000 0.100000
0 0.357774 0.309664 0.050000 0.100000
0 0.319919 0.301252 0.050000 0.100000
0 0.237900 0.311066 0.050000 0.100000
0 0.169551 0.311066 0.050000 0.100000
0 0.217921 0.390982 0.050000 0.100000
0 0.263137 0.393786 0.050000 0.100000
0 0.132748 0.542402 0.050000 0.100000
0 0.233694 0.716254 0.050000 0.100000
0 0.337795 0.783551 0.050000 0.100000
0 0.396680 0.824210 0.050000 0.100000
0 0.438741 0.782149 0.050000 0.100000
0 0.640634 0.905528 0.050000 0.100000
0 0.763662 0.929363 0.050000 0.100000
0 0.689004 0.541000 0.050000 0.100000
0 0.760508 0.529783 0.050000 0.100000
0 0.806775 0.494733 0.050000 0.100000
0 0.855145 0.494733 0.050000 0.100000
0 0.771023 0.238160 0.050000 0.100000
0 0.738426 0.304056 0.050000 0.100000
0 0.690056 0.089545 0.050000 0.100000
0 0.504987 0.535391 0.050000 0.100000
0 0.548100 0.526979 0.050000 0.100000
0 0.568079 0.497537 0.050000 0.100000
0 0.549151 0.473702 0.050000 0.100000
0 0.407196 0.524175 0.050000 0.100000
0 0.392474 0.508753 0.050000 0.100000
0 0.866712 0.584463 0.050000 0.100000
0 0.906670 0.559226 0.050000 0.100000
