0 0.588045 0.084899 0.050000 0.100000
0 0.603769 0.053453 0.050000 0.100000
0 0.624209 0.086996 0.050000 0.100000
0 0.286159 0.044389 0.050000 0.088778
0 0.275152 0.089092 0.050000 0.100000
0 0.281442 0.095381 0.050000 0.100000
0 0.358486 0.082803 0.050000 0.100000
0 0.371064 0.078610 0.050000 0.100000
0 0.188674 0.131021 0.050000 0.100000
0 0.216976 0.110056 0.050000 0.100000
0 0.248423 0.131021 0.050000 0.100000
0 0.333328 0.198107 0.050000 0.100000
0 0.364775 0.191817 0.050000 0.100000
0 0.216976 0.263096 0.050000 0.100000
0 0.234272 0.170853 0.050000 0.100000
0 0.245278 0.359532 0.050000 0.100000
0 0.284586 0.355339 0.050000 0.100000
0 0.308171 0.351146 0.050000 0.100000
0 0.363203 0.334375 0.050000 0.100000
0 0.388360 0.437100 0.050000 0.100000
0 0.303454 0.458065 0.050000 0.100000
0 0.257857 0.541922 0.050000 0.100000
0 0.135215 0.487415 0.050000 0.100000
0 0.088045 0.476933 0.050000 0.100000
0 0.116347 0.527247 0.050000 0.100000
0 0.163517 0.535633 0.050000 0.100000
0 0.021145 0.600622 0.042291 0.100000
0 0.015642 0.709637 0.031284 0.100000
0 0.465404 0.734794 0.050000 0.100000
0 0.638360 0.483222 0.050000 0.100000
0 0.705970 0.426618 0.050000 0.100000
0 0.772008 0.516765 0.050000 0.100000
0 0.798737 0.420329 0.050000 0.100000
0 0.850624 0.416136 0.050000 0.100000
0 0.880498 0.296639 0.050000 0.100000
0 0.891505 0.277771 0.050000 0.100000
0 0.812888 0.206492 0.050000 0.100000
0 0.767291 0.216975 0.050000 0.100000
0 0.710687 0.191817 0.050000 0.100000
0 0.548737 0.468547 0.050000 0.100000
0 0.398509 0.088780 0.050000 0.100000
