0 0.230021 0.122545 0.050000 0.100000
0 0.268045 0.117300 0.050000 0.100000
0 0.285091 0.115552 0.050000 0.100000
0 0.312626 0.101566 0.050000 0.100000
0 0.340161 0.085832 0.050000 0.100000
0 0.349339 0.082335 0.050000 0.100000
0 0.446367 0.211706 0.050000 0.100000
0 0.460790 0.209958 0.050000 0.100000
0 0.450300 0.332335 0.050000 0.100000
0 0.392608 0.500168 0.050000 0.100000
0 0.405720 0.533384 0.050000 0.100000
0 0.176262 0.430237 0.050000 0.100000
0 0.156594 0.748419 0.050000 0.100000
0 0.193307 0.755412 0.050000 0.100000
0 0.456856 0.545622 0.050000 0.100000
0 0.518482 0.545622 0.050000 0.100000
0 0.569619 0.524643 0.050000 0.100000
0 0.590598 0.503664 0.050000 0.100000
0 0.551262 0.470447 0.050000 0.100000
0 0.564374 0.750168 0.050000 0.100000
0 0.635178 0.711706 0.050000 0.100000
0 0.922328 0.953937 0.050000 0.087959
0 0.863325 0.342825 0.050000 0.100000
0 0.829234 0.318349 0.050000 0.100000
0 0.759741 0.192475 0.050000 0.100000
0 0.709916 0.204713 0.050000 0.100000
0 0.686314 0.192475 0.050000 0.100000
