0 0.192377 0.152204 0.050000 0.100000
0 0.232018 0.221972 0.050000 0.100000
0 0.251046 0.287511 0.050000 0.100000
0 0.276415 0.314995 0.050000 0.100000
0 0.157494 0.365735 0.050000 0.100000
0 0.106754 0.596179 0.050000 0.100000
0 0.393752 0.482014 0.050000 0.100000
0 0.400094 0.507384 0.050000 0.100000
0 0.450834 0.526412 0.050000 0.100000
0 0.520602 0.539097 0.050000 0.100000
0 0.544386 0.462987 0.050000 0.100000
0 0.441320 0.638462 0.050000 0.100000
0 0.392166 0.794911 0.050000 0.100000
0 0.836141 0.890048 0.050000 0.100000
0 0.920179 0.748399 0.050000 0.100000
0 0.976142 0.729371 0.044591 0.100000
0 0.769544 0.175460 0.050000 0.100000
0 0.812356 0.183917 0.050000 0.100000
0 0.847240 0.179689 0.050000 0.100000
0 0.585612 0.112035 0.050000 0.100000
0 0.446077 0.200830 0.050000 0.100000
0 0.461933 0.190259 0.050000 0.100000
0 0.452420 0.215629 0.050000 0.100000
0 0.341426 0.150090 0.050000 0.100000
0 0.311299 0.147976 0.050000 0.100000
0 0.311299 0.196602 0.050000 0.100000
0 0.366796 0.289625 0.050000 0.100000
0 0.339840 0.095122 0.050000 0.100000
0 0.343012 0.069752 0.050000 0.100000
0 0.281172 0.042963 0.050000 0.085925
0 0.276415 0.084551 0.050000 0.100000
0 0.293857 0.095122 0.050000 0.100000
0 0.355697 0.097236 0.050000 0.100000
0 0.365210 0.086665 0.050000 0.100000
0 0.572927 0.158547 0.050000 0.100000
