0 0.072811 0.424631 0.050000 0.100000
0 0.156933 0.448465 0.050000 0.100000
0 0.214767 0.452672 0.050000 0.100000
0 0.421917 0.790561 0.050000 0.100000
0 0.507090 0.532587 0.050000 0.100000
0 0.549151 0.521371 0.050000 0.100000
0 0.562821 0.494733 0.050000 0.100000
0 0.536533 0.472300 0.050000 0.100000
0 0.408247 0.518567 0.050000 0.100000
0 0.394577 0.493330 0.050000 0.100000
0 0.415608 0.483516 0.050000 0.100000
0 0.346207 0.308262 0.050000 0.100000
0 0.226333 0.264799 0.050000 0.100000
0 0.193736 0.133008 0.050000 0.100000
0 0.203200 0.088143 0.050000 0.100000
0 0.228436 0.082535 0.050000 0.100000
0 0.275755 0.097957 0.050000 0.100000
0 0.284167 0.090947 0.050000 0.100000
0 0.330434 0.096555 0.050000 0.100000
0 0.314661 0.097957 0.050000 0.100000
0 0.348310 0.088143 0.050000 0.100000
0 0.358825 0.081133 0.050000 0.100000
0 0.666922 0.163853 0.050000 0.100000
0 0.585955 0.217130 0.050000 0.100000
0 0.740529 0.215728 0.050000 0.100000
0 0.712138 0.322282 0.050000 0.100000
0 0.748941 0.302654 0.050000 0.100000
0 0.711086 0.341911 0.050000 0.100000
0 0.778384 0.461084 0.050000 0.100000
0 0.812033 0.482114 0.050000 0.100000
0 0.880382 0.619513 0.050000 0.100000
0 0.899309 0.678399 0.050000 0.100000
0 0.944525 0.595679 0.050000 0.100000
0 0.969761 0.860663 0.050000 0.100000
0 0.982115 0.814396 0.032646 0.100000
