0 0.189206 0.065524 0.050000 0.100000
0 0.222504 0.071866 0.050000 0.100000
0 0.273244 0.101464 0.050000 0.100000
0 0.289100 0.099350 0.050000 0.100000
0 0.308128 0.097236 0.050000 0.100000
0 0.338255 0.093008 0.050000 0.100000
0 0.343012 0.080323 0.050000 0.100000
0 0.384238 0.047191 0.050000 0.094382
0 0.422293 0.238885 0.050000 0.100000
0 0.438149 0.215629 0.050000 0.100000
0 0.349354 0.224086 0.050000 0.100000
0 0.322399 0.230429 0.050000 0.100000
0 0.317642 0.200830 0.050000 0.100000
0 0.249460 0.314995 0.050000 0.100000
0 0.149566 0.331908 0.050000 0.100000
0 0.205062 0.321338 0.050000 0.100000
0 0.311299 0.289625 0.050000 0.100000
0 0.346183 0.295968 0.050000 0.100000
0 0.384238 0.386877 0.050000 0.100000
0 0.304957 0.412247 0.050000 0.100000
0 0.190792 0.714572 0.050000 0.100000
0 0.235189 0.742056 0.050000 0.100000
0 0.200306 0.794911 0.050000 0.100000
0 0.463519 0.530640 0.050000 0.100000
0 0.522187 0.536982 0.050000 0.100000
0 0.566585 0.467215 0.050000 0.100000
0 0.675993 0.526412 0.050000 0.100000
0 0.737832 0.547553 0.050000 0.100000
0 0.780644 0.606750 0.050000 0.100000
0 0.931278 0.644805 0.050000 0.100000
0 0.890052 0.279054 0.050000 0.100000
0 0.785401 0.215629 0.050000 0.100000
0 0.736246 0.139519 0.050000 0.100000
0 0.615739 0.120492 0.050000 0.100000
0 0.580855 0.154319 0.050000 0.100000
0 0.774301 0.114149 0.050000 0.100000
