0 0.634765 0.101315 0.050000 0.100000
0 0.612178 0.095840 0.050000 0.100000
0 0.444826 0.214936 0.050000 0.100000
0 0.562896 0.176606 0.050000 0.100000
0 0.457147 0.202616 0.050000 0.100000
0 0.270288 0.197140 0.050000 0.100000
0 0.234354 0.197140 0.050000 0.100000
0 0.199447 0.090364 0.050000 0.100000
0 0.186100 0.047595 0.050000 0.095190
0 0.204580 0.046910 0.050000 0.093821
0 0.284662 0.102684 0.050000 0.100000
0 0.296982 0.095840 0.050000 0.100000
0 0.313410 0.291596 0.050000 0.100000
0 0.242568 0.403848 0.050000 0.100000
0 0.389385 0.479139 0.050000 0.100000
0 0.452013 0.524313 0.050000 0.100000
0 0.505401 0.528420 0.050000 0.100000
0 0.490001 0.577701 0.050000 0.100000
0 0.473574 0.609187 0.050000 0.100000
0 0.545442 0.475032 0.050000 0.100000
0 0.282609 0.785778 0.050000 0.100000
0 0.264128 0.884341 0.050000 0.100000
0 0.302116 0.928146 0.050000 0.100000
0 0.024954 0.800836 0.049909 0.100000
0 0.784662 0.258742 0.050000 0.100000
0 0.813410 0.258742 0.050000 0.100000
