0 0.112769 0.571844 0.050000 0.100000
0 0.265240 0.759717 0.050000 0.100000
0 0.309404 0.773737 0.050000 0.100000
0 0.379856 0.805984 0.050000 0.100000
0 0.410350 0.787757 0.050000 0.100000
0 0.414556 0.925157 0.050000 0.100000
0 0.405093 0.531185 0.050000 0.100000
0 0.397732 0.501743 0.050000 0.100000
0 0.418762 0.479310 0.050000 0.100000
0 0.508142 0.536794 0.050000 0.100000
0 0.545997 0.524175 0.050000 0.100000
0 0.563873 0.501743 0.050000 0.100000
0 0.543894 0.472300 0.050000 0.100000
0 0.841475 0.462486 0.050000 0.100000
0 0.850939 0.308262 0.050000 0.100000
0 0.755250 0.169461 0.050000 0.100000
0 0.700571 0.116184 0.050000 0.100000
0 0.680592 0.097957 0.050000 0.100000
0 0.180066 0.346117 0.050000 0.100000
0 0.227385 0.128802 0.050000 0.100000
0 0.220024 0.067112 0.050000 0.100000
0 0.267343 0.085339 0.050000 0.100000
0 0.288373 0.095153 0.050000 0.100000
0 0.310455 0.099359 0.050000 0.100000
0 0.327280 0.100761 0.050000 0.100000
0 0.367238 0.088143 0.050000 0.100000
0 0.558615 0.200306 0.050000 0.100000
0 0.241055 0.109173 0.050000 0.100000
0 0.290476 0.125998 0.050000 0.100000
