0 0.179764 0.513198 0.050000 0.100000
0 0.074198 0.477369 0.050000 0.100000
0 0.185522 0.792149 0.050000 0.100000
0 0.408171 0.524714 0.050000 0.100000
0 0.394735 0.502961 0.050000 0.100000
0 0.420647 0.477369 0.050000 0.100000
0 0.506060 0.528553 0.050000 0.100000
0 0.553085 0.523435 0.050000 0.100000
0 0.559802 0.502961 0.050000 0.100000
0 0.545407 0.473530 0.050000 0.100000
0 0.677845 0.588694 0.050000 0.100000
0 0.853468 0.616845 0.050000 0.100000
0 0.710474 0.249602 0.050000 0.100000
0 0.711434 0.225290 0.050000 0.100000
0 0.639457 0.222731 0.050000 0.100000
0 0.721990 0.107568 0.050000 0.100000
0 0.449438 0.208655 0.050000 0.100000
0 0.358267 0.153633 0.050000 0.100000
0 0.310282 0.096051 0.050000 0.100000
0 0.279572 0.117804 0.050000 0.100000
0 0.343871 0.097331 0.050000 0.100000
0 0.354428 0.090933 0.050000 0.100000
0 0.207595 0.049353 0.050000 0.098706
0 0.189361 0.049353 0.050000 0.098706
0 0.189361 0.097331 0.050000 0.100000
0 0.211434 0.172827 0.050000 0.100000
0 0.574198 0.088374 0.050000 0.100000
