0 0.210521 0.240032 0.050000 0.100000
0 0.228843 0.205317 0.050000 0.100000
0 0.248129 0.237461 0.050000 0.100000
0 0.274166 0.214317 0.050000 0.100000
0 0.290559 0.251604 0.050000 0.100000
0 0.277059 0.336464 0.050000 0.100000
0 0.251022 0.335179 0.050000 0.100000
0 0.212450 0.342893 0.050000 0.100000
0 0.323346 0.789052 0.050000 0.100000
0 0.329132 0.771051 0.050000 0.100000
0 0.373491 0.791623 0.050000 0.100000
0 0.449672 0.641190 0.050000 0.100000
0 0.436172 0.555044 0.050000 0.100000
0 0.395670 0.531900 0.050000 0.100000
0 0.392777 0.503613 0.050000 0.100000
0 0.501746 0.535757 0.050000 0.100000
0 0.549962 0.472755 0.050000 0.100000
0 0.667609 0.385323 0.050000 0.100000
0 0.769827 0.403324 0.050000 0.100000
0 0.820936 0.396895 0.050000 0.100000
0 0.869152 0.408467 0.050000 0.100000
0 0.815150 0.529328 0.050000 0.100000
0 0.404349 0.218174 0.050000 0.100000
0 0.451601 0.202745 0.050000 0.100000
0 0.363848 0.094741 0.050000 0.100000
0 0.328168 0.094741 0.050000 0.100000
0 0.312739 0.094741 0.050000 0.100000
0 0.284774 0.094741 0.050000 0.100000
0 0.259701 0.107599 0.050000 0.100000
0 0.204735 0.087027 0.050000 0.100000
0 0.440029 0.331321 0.050000 0.100000
