0 0.024720 0.758315 0.049441 0.100000
0 0.225282 0.431641 0.050000 0.100000
0 0.351465 0.780747 0.050000 0.100000
0 0.401938 0.538196 0.050000 0.100000
0 0.396680 0.510155 0.050000 0.100000
0 0.504987 0.533989 0.050000 0.100000
0 0.551254 0.526979 0.050000 0.100000
0 0.565976 0.504547 0.050000 0.100000
0 0.548100 0.469496 0.050000 0.100000
0 0.779435 0.956866 0.050000 0.082101
0 0.865660 0.904126 0.050000 0.100000
0 0.556512 0.207316 0.050000 0.100000
0 0.455566 0.196100 0.050000 0.100000
0 0.197942 0.149832 0.050000 0.100000
0 0.188478 0.102163 0.050000 0.100000
0 0.243158 0.079731 0.050000 0.100000
0 0.257879 0.104967 0.050000 0.100000
0 0.281013 0.096555 0.050000 0.100000
0 0.289425 0.089545 0.050000 0.100000
0 0.283116 0.064308 0.050000 0.100000
0 0.377753 0.046639 0.050000 0.093278
