0 0.100588 0.747908 0.050000 0.100000
0 0.066837 0.790338 0.050000 0.100000
0 0.017953 0.647618 0.035907 0.100000
0 0.250058 0.754336 0.050000 0.100000
0 0.294417 0.791623 0.050000 0.100000
0 0.363848 0.803195 0.050000 0.100000
0 0.502710 0.528043 0.050000 0.100000
0 0.443886 0.636046 0.050000 0.100000
0 0.441958 0.591045 0.050000 0.100000
0 0.400492 0.531900 0.050000 0.100000
0 0.391813 0.501042 0.050000 0.100000
0 0.267416 0.333893 0.050000 0.100000
0 0.207628 0.353179 0.050000 0.100000
0 0.195092 0.309463 0.050000 0.100000
0 0.264523 0.151315 0.050000 0.100000
0 0.285738 0.098599 0.050000 0.100000
0 0.306953 0.103742 0.050000 0.100000
0 0.339740 0.099884 0.050000 0.100000
0 0.383134 0.261890 0.050000 0.100000
0 0.446779 0.213031 0.050000 0.100000
0 0.549962 0.471469 0.050000 0.100000
0 0.606856 0.531900 0.050000 0.100000
0 0.602035 0.348036 0.050000 0.100000
0 0.592392 0.327464 0.050000 0.100000
0 0.699431 0.200174 0.050000 0.100000
0 0.731254 0.256747 0.050000 0.100000
0 0.767898 0.180887 0.050000 0.100000
0 0.796828 0.178316 0.050000 0.100000
0 0.816114 0.174459 0.050000 0.100000
0 0.584677 0.144886 0.050000 0.100000
