0 0.219035 0.065856 0.050000 0.100000
0 0.320226 0.089666 0.050000 0.100000
0 0.367845 0.089666 0.050000 0.100000
0 0.294432 0.171677 0.050000 0.100000
0 0.322210 0.227232 0.050000 0.100000
0 0.292448 0.237814 0.050000 0.100000
0 0.221019 0.264269 0.050000 0.100000
0 0.441257 0.198132 0.050000 0.100000
0 0.459115 0.216650 0.050000 0.100000
0 0.369829 0.346280 0.050000 0.100000
0 0.534511 0.200777 0.050000 0.100000
0 0.592051 0.089666 0.050000 0.100000
0 0.617845 0.182259 0.050000 0.100000
0 0.742845 0.285433 0.050000 0.100000
0 0.800384 0.248396 0.050000 0.100000
0 0.851972 0.261624 0.050000 0.100000
0 0.881734 0.766915 0.050000 0.100000
0 0.796416 0.774851 0.050000 0.100000
0 0.536496 0.467973 0.050000 0.100000
0 0.580146 0.497073 0.050000 0.100000
0 0.564273 0.515592 0.050000 0.100000
0 0.512686 0.526174 0.050000 0.100000
0 0.393638 0.510301 0.050000 0.100000
0 0.399591 0.528819 0.050000 0.100000
0 0.443242 0.732523 0.050000 0.100000
0 0.417448 0.748396 0.050000 0.100000
0 0.369829 0.785433 0.050000 0.100000
0 0.351972 0.801306 0.050000 0.100000
0 0.320226 0.758978 0.050000 0.100000
0 0.296416 0.803952 0.050000 0.100000
