0 0.184129 0.117300 0.050000 0.100000
0 0.203797 0.080587 0.050000 0.100000
0 0.306070 0.077091 0.050000 0.100000
0 0.338849 0.073594 0.050000 0.100000
0 0.346717 0.073594 0.050000 0.100000
0 0.446367 0.206461 0.050000 0.100000
0 0.455545 0.206461 0.050000 0.100000
0 0.376874 0.381286 0.050000 0.100000
0 0.409654 0.369049 0.050000 0.100000
0 0.399164 0.507161 0.050000 0.100000
0 0.391297 0.531636 0.050000 0.100000
0 0.450300 0.540377 0.050000 0.100000
0 0.517171 0.550867 0.050000 0.100000
0 0.576175 0.528140 0.050000 0.100000
0 0.587975 0.505412 0.050000 0.100000
0 0.548640 0.466951 0.050000 0.100000
0 0.645668 0.288629 0.050000 0.100000
0 0.658780 0.260657 0.050000 0.100000
0 0.652224 0.683734 0.050000 0.100000
0 0.728273 0.695972 0.050000 0.100000
0 0.205108 0.751916 0.050000 0.100000
0 0.143482 0.753664 0.050000 0.100000
