0 0.268487 0.046134 0.050000 0.092268
0 0.186035 0.042963 0.050000 0.085925
0 0.266902 0.090894 0.050000 0.100000
0 0.282758 0.093008 0.050000 0.100000
0 0.295443 0.086665 0.050000 0.100000
0 0.335084 0.086665 0.050000 0.100000
0 0.357282 0.086665 0.050000 0.100000
0 0.268487 0.188145 0.050000 0.100000
0 0.297029 0.215629 0.050000 0.100000
0 0.457177 0.198716 0.050000 0.100000
0 0.200306 0.188145 0.050000 0.100000
0 0.709291 0.164889 0.050000 0.100000
0 0.729904 0.173346 0.050000 0.100000
0 0.774301 0.164889 0.050000 0.100000
0 0.742589 0.236771 0.050000 0.100000
0 0.706120 0.221972 0.050000 0.100000
0 0.702948 0.577152 0.050000 0.100000
0 0.652208 0.627892 0.050000 0.100000
0 0.737832 0.651147 0.050000 0.100000
0 0.550728 0.473558 0.050000 0.100000
0 0.273244 0.748399 0.050000 0.100000
0 0.192377 0.735714 0.050000 0.100000
0 0.152737 0.663832 0.050000 0.100000
0 0.136881 0.621549 0.050000 0.100000
0 0.049671 0.627892 0.050000 0.100000
0 0.017515 0.630006 0.035031 0.100000
