0 0.017515 0.716686 0.035031 0.100000
0 0.081384 0.739942 0.050000 0.100000
0 0.138466 0.632120 0.050000 0.100000
0 0.174936 0.655376 0.050000 0.100000
0 0.208234 0.735714 0.050000 0.100000
0 0.271659 0.746285 0.050000 0.100000
0 0.316056 0.456644 0.050000 0.100000
0 0.298614 0.399562 0.050000 0.100000
0 0.251046 0.139519 0.050000 0.100000
0 0.268487 0.116264 0.050000 0.100000
0 0.274830 0.084551 0.050000 0.100000
0 0.281172 0.090894 0.050000 0.100000
0 0.292272 0.090894 0.050000 0.100000
0 0.338255 0.090894 0.050000 0.100000
0 0.355697 0.090894 0.050000 0.100000
0 0.365210 0.143748 0.050000 0.100000
0 0.300200 0.137405 0.050000 0.100000
0 0.615739 0.133177 0.050000 0.100000
0 0.666479 0.116264 0.050000 0.100000
0 0.669650 0.374192 0.050000 0.100000
0 0.761616 0.342479 0.050000 0.100000
0 0.812356 0.283283 0.050000 0.100000
0 0.866268 0.274826 0.050000 0.100000
0 0.807599 0.412247 0.050000 0.100000
0 0.863096 0.663832 0.050000 0.100000
0 0.729904 0.672289 0.050000 0.100000
0 0.545972 0.465101 0.050000 0.100000
0 0.460348 0.194488 0.050000 0.100000
