0 0.124696 0.661762 0.050000 0.100000
0 0.168091 0.661762 0.050000 0.100000
0 0.300203 0.756908 0.050000 0.100000
0 0.447744 0.652761 0.050000 0.100000
0 0.523925 0.582045 0.050000 0.100000
0 0.493067 0.528043 0.050000 0.100000
0 0.393742 0.462469 0.050000 0.100000
0 0.394706 0.495899 0.050000 0.100000
0 0.334918 0.395609 0.050000 0.100000
0 0.272237 0.387895 0.050000 0.100000
0 0.544176 0.465040 0.050000 0.100000
0 0.630964 0.740193 0.050000 0.100000
0 0.937618 0.614189 0.050000 0.100000
0 0.321418 0.182173 0.050000 0.100000
0 0.363848 0.192459 0.050000 0.100000
0 0.440993 0.211746 0.050000 0.100000
0 0.305989 0.097313 0.050000 0.100000
0 0.284774 0.092170 0.050000 0.100000
0 0.215342 0.057454 0.050000 0.100000
0 0.360955 0.045370 0.050000 0.090740
0 0.385063 0.044084 0.050000 0.088168
0 0.345526 0.098599 0.050000 0.100000
0 0.879759 0.634761 0.050000 0.100000
0 0.413028 0.525471 0.050000 0.100000
