0 0.308321 0.092312 0.050000 0.100000
0 0.401575 0.055274 0.050000 0.100000
0 0.443242 0.192841 0.050000 0.100000
0 0.195226 0.163740 0.050000 0.100000
0 0.187289 0.227232 0.050000 0.100000
0 0.288480 0.243105 0.050000 0.100000
0 0.244829 0.327761 0.050000 0.100000
0 0.149591 0.385962 0.050000 0.100000
0 0.401575 0.473264 0.050000 0.100000
0 0.393638 0.507655 0.050000 0.100000
0 0.401575 0.523528 0.050000 0.100000
0 0.258718 0.751042 0.050000 0.100000
0 0.280543 0.803952 0.050000 0.100000
0 0.348003 0.803952 0.050000 0.100000
0 0.377765 0.793370 0.050000 0.100000
0 0.409511 0.735169 0.050000 0.100000
0 0.427369 0.735169 0.050000 0.100000
0 0.554353 0.473264 0.050000 0.100000
0 0.570226 0.478555 0.050000 0.100000
0 0.564273 0.523528 0.050000 0.100000
0 0.816257 0.711359 0.050000 0.100000
0 0.877765 0.716650 0.050000 0.100000
0 0.532527 0.200777 0.050000 0.100000
0 0.592051 0.118767 0.050000 0.100000
0 0.623797 0.118767 0.050000 0.100000
0 0.792448 0.166386 0.050000 0.100000
