0 0.023414 0.706380 0.046828 0.100000
0 0.100884 0.539372 0.050000 0.100000
0 0.386305 0.473663 0.050000 0.100000
0 0.390412 0.494197 0.050000 0.100000
0 0.454067 0.525682 0.050000 0.100000
0 0.510535 0.536634 0.050000 0.100000
0 0.546469 0.484615 0.050000 0.100000
0 0.524909 0.611925 0.050000 0.100000
0 0.455093 0.610556 0.050000 0.100000
0 0.267208 0.358673 0.050000 0.100000
0 0.223061 0.342246 0.050000 0.100000
0 0.318543 0.238208 0.050000 0.100000
0 0.270288 0.112267 0.050000 0.100000
0 0.279529 0.099947 0.050000 0.100000
0 0.292876 0.093102 0.050000 0.100000
0 0.436613 0.217674 0.050000 0.100000
0 0.450987 0.208092 0.050000 0.100000
0 0.744621 0.221781 0.050000 0.100000
0 0.777475 0.208092 0.050000 0.100000
0 0.711767 0.101315 0.050000 0.100000
0 0.596777 0.113636 0.050000 0.100000
0 0.565976 0.113636 0.050000 0.100000
0 0.558789 0.193033 0.050000 0.100000
0 0.350371 0.060248 0.050000 0.100000
0 0.363718 0.080782 0.050000 0.100000
0 0.338050 0.043488 0.050000 0.086976
