0 0.448708 0.565330 0.050000 0.100000
0 0.409171 0.525471 0.050000 0.100000
0 0.396635 0.506185 0.050000 0.100000
0 0.376384 0.405895 0.050000 0.100000
0 0.505603 0.530614 0.050000 0.100000
0 0.595285 0.507470 0.050000 0.100000
0 0.542247 0.471469 0.050000 0.100000
0 0.874937 0.873912 0.050000 0.100000
0 0.906760 0.769766 0.050000 0.100000
0 0.983975 0.781337 0.028924 0.100000
0 0.757290 0.907342 0.050000 0.100000
0 0.785256 0.413610 0.050000 0.100000
0 0.828650 0.422610 0.050000 0.100000
0 0.693645 0.312035 0.050000 0.100000
0 0.645429 0.310749 0.050000 0.100000
0 0.612642 0.116599 0.050000 0.100000
0 0.575998 0.120457 0.050000 0.100000
0 0.301167 0.220746 0.050000 0.100000
0 0.278023 0.200174 0.050000 0.100000
0 0.271273 0.147458 0.050000 0.100000
0 0.253915 0.134600 0.050000 0.100000
0 0.221128 0.246461 0.050000 0.100000
0 0.218235 0.312035 0.050000 0.100000
0 0.079373 0.463755 0.050000 0.100000
0 0.130482 0.467612 0.050000 0.100000
0 0.171948 0.552472 0.050000 0.100000
0 0.148804 0.520328 0.050000 0.100000
0 0.292488 0.771051 0.050000 0.100000
0 0.333954 0.796767 0.050000 0.100000
0 0.419778 0.754336 0.050000 0.100000
0 0.289595 0.097313 0.050000 0.100000
0 0.309846 0.097313 0.050000 0.100000
0 0.343597 0.097313 0.050000 0.100000
0 0.345526 0.049227 0.050000 0.098454
0 0.191234 0.096027 0.050000 0.100000
0 0.193163 0.065169 0.050000 0.100000
0 0.414957 0.160315 0.050000 0.100000
0 0.448708 0.202745 0.050000 0.100000
