0 0.213083 0.048669 0.050000 0.097338
0 0.226972 0.047346 0.050000 0.094692
0 0.226972 0.089666 0.050000 0.100000
0 0.226972 0.102894 0.050000 0.100000
0 0.308321 0.102894 0.050000 0.100000
0 0.363876 0.087021 0.050000 0.100000
0 0.441257 0.200777 0.050000 0.100000
0 0.451178 0.208714 0.050000 0.100000
0 0.536496 0.214005 0.050000 0.100000
0 0.590067 0.232523 0.050000 0.100000
0 0.732924 0.163740 0.050000 0.100000
0 0.768638 0.182259 0.050000 0.100000
0 0.806337 0.176968 0.050000 0.100000
0 0.762686 0.327761 0.050000 0.100000
0 0.814273 0.391253 0.050000 0.100000
0 0.844035 0.409772 0.050000 0.100000
0 0.760702 0.491782 0.050000 0.100000
0 0.552369 0.465327 0.050000 0.100000
0 0.584115 0.489137 0.050000 0.100000
0 0.570226 0.523528 0.050000 0.100000
0 0.512686 0.531465 0.050000 0.100000
0 0.399591 0.510301 0.050000 0.100000
0 0.405543 0.528819 0.050000 0.100000
0 0.149591 0.433581 0.050000 0.100000
0 0.103956 0.436227 0.050000 0.100000
0 0.107924 0.478555 0.050000 0.100000
0 0.292448 0.740460 0.050000 0.100000
0 0.280543 0.793370 0.050000 0.100000
0 0.346019 0.801306 0.050000 0.100000
0 0.381734 0.777497 0.050000 0.100000
0 0.417448 0.756333 0.050000 0.100000
0 0.467051 0.743105 0.050000 0.100000
