0 0.274830 0.099350 0.050000 0.100000
0 0.289100 0.097236 0.050000 0.100000
0 0.298614 0.088780 0.050000 0.100000
0 0.339840 0.088780 0.050000 0.100000
0 0.343012 0.078209 0.050000 0.100000
0 0.203477 0.143748 0.050000 0.100000
0 0.232018 0.139519 0.050000 0.100000
0 0.247874 0.162775 0.050000 0.100000
0 0.271659 0.162775 0.050000 0.100000
0 0.189206 0.232543 0.050000 0.100000
0 0.268487 0.226200 0.050000 0.100000
0 0.304957 0.226200 0.050000 0.100000
0 0.441320 0.202944 0.050000 0.100000
0 0.454005 0.213515 0.050000 0.100000
0 0.458762 0.196602 0.050000 0.100000
0 0.564999 0.205059 0.050000 0.100000
0 0.723561 0.120492 0.050000 0.100000
0 0.748931 0.124720 0.050000 0.100000
0 0.019101 0.585608 0.038202 0.100000
0 0.450834 0.735714 0.050000 0.100000
0 0.444492 0.644805 0.050000 0.100000
0 0.791743 0.530640 0.050000 0.100000
0 0.834555 0.530640 0.050000 0.100000
0 0.547557 0.475672 0.050000 0.100000
