0 0.306249 0.789159 0.050000 0.100000
0 0.271549 0.465290 0.050000 0.100000
0 0.390371 0.504547 0.050000 0.100000
0 0.404041 0.526979 0.050000 0.100000
0 0.438741 0.519969 0.050000 0.100000
0 0.500781 0.541000 0.050000 0.100000
0 0.542842 0.528381 0.050000 0.100000
0 0.563873 0.500341 0.050000 0.100000
0 0.544945 0.472300 0.050000 0.100000
0 0.682695 0.545206 0.050000 0.100000
0 0.745787 0.545206 0.050000 0.100000
0 0.795208 0.562030 0.050000 0.100000
0 0.651149 0.118988 0.050000 0.100000
0 0.612243 0.110575 0.050000 0.100000
0 0.333589 0.315272 0.050000 0.100000
0 0.318867 0.306860 0.050000 0.100000
0 0.364083 0.337705 0.050000 0.100000
0 0.388268 0.327891 0.050000 0.100000
0 0.390371 0.330695 0.050000 0.100000
0 0.367238 0.278819 0.050000 0.100000
0 0.274703 0.339107 0.050000 0.100000
0 0.231591 0.336303 0.050000 0.100000
0 0.187427 0.330695 0.050000 0.100000
0 0.108563 0.369952 0.050000 0.100000
0 0.187427 0.219934 0.050000 0.100000
0 0.274703 0.222738 0.050000 0.100000
0 0.204251 0.106369 0.050000 0.100000
0 0.202148 0.048041 0.050000 0.096082
0 0.292579 0.099359 0.050000 0.100000
0 0.285219 0.117586 0.050000 0.100000
0 0.452411 0.212924 0.050000 0.100000
0 0.549151 0.187687 0.050000 0.100000
0 0.285219 0.044536 0.050000 0.089072
