0 0.035176 0.527051 0.050000 0.100000
0 0.165566 0.469556 0.050000 0.100000
0 0.214847 0.477770 0.050000 0.100000
0 0.238461 0.784409 0.050000 0.100000
0 0.378091 0.528420 0.050000 0.100000
0 0.453040 0.531158 0.050000 0.100000
0 0.510535 0.536634 0.050000 0.100000
0 0.549549 0.527051 0.050000 0.100000
0 0.565976 0.502411 0.050000 0.100000
0 0.548523 0.465450 0.050000 0.100000
0 0.631685 0.624245 0.050000 0.100000
0 0.669672 0.618769 0.050000 0.100000
0 0.658379 0.581808 0.050000 0.100000
0 0.752835 0.193033 0.050000 0.100000
0 0.742568 0.132801 0.050000 0.100000
0 0.631685 0.068461 0.050000 0.100000
0 0.610124 0.068461 0.050000 0.100000
0 0.559816 0.195771 0.050000 0.100000
0 0.452013 0.205354 0.050000 0.100000
0 0.439693 0.217674 0.050000 0.100000
0 0.384251 0.179344 0.050000 0.100000
0 0.365771 0.187558 0.050000 0.100000
0 0.331890 0.193033 0.050000 0.100000
0 0.312383 0.179344 0.050000 0.100000
0 0.292876 0.187558 0.050000 0.100000
0 0.287742 0.220412 0.050000 0.100000
0 0.249755 0.257373 0.050000 0.100000
0 0.305196 0.258742 0.050000 0.100000
0 0.277475 0.095840 0.050000 0.100000
0 0.291849 0.095840 0.050000 0.100000
0 0.398625 0.053403 0.050000 0.100000
0 0.439693 0.048964 0.050000 0.097927
