0 0.204251 0.541000 0.050000 0.100000
0 0.200045 0.456878 0.050000 0.100000
0 0.404041 0.532587 0.050000 0.100000
0 0.392474 0.505949 0.050000 0.100000
0 0.421917 0.482114 0.050000 0.100000
0 0.513400 0.533989 0.050000 0.100000
0 0.557564 0.521371 0.050000 0.100000
0 0.563873 0.493330 0.050000 0.100000
0 0.541791 0.462486 0.050000 0.100000
0 0.416659 0.777943 0.050000 0.100000
0 0.620655 0.668585 0.050000 0.100000
0 0.249467 0.426033 0.050000 0.100000
0 0.286270 0.431641 0.050000 0.100000
0 0.270497 0.298448 0.050000 0.100000
0 0.216870 0.288634 0.050000 0.100000
0 0.259982 0.187687 0.050000 0.100000
0 0.320971 0.205914 0.050000 0.100000
0 0.345156 0.292840 0.050000 0.100000
0 0.449257 0.212924 0.050000 0.100000
0 0.327280 0.130204 0.050000 0.100000
0 0.272600 0.117586 0.050000 0.100000
0 0.218973 0.124596 0.050000 0.100000
0 0.183221 0.125998 0.050000 0.100000
0 0.201097 0.065710 0.050000 0.100000
0 0.281013 0.090947 0.050000 0.100000
0 0.293631 0.095153 0.050000 0.100000
0 0.333589 0.095153 0.050000 0.100000
0 0.349362 0.100761 0.050000 0.100000
0 0.367238 0.089545 0.050000 0.100000
0 0.626964 0.159647 0.050000 0.100000
0 0.577543 0.092349 0.050000 0.100000
0 0.543894 0.088143 0.050000 0.100000
0 0.662716 0.134410 0.050000 0.100000
0 0.692159 0.285830 0.050000 0.100000
0 0.718447 0.462486 0.050000 0.100000
0 0.707932 0.678399 0.050000 0.100000
0 0.825702 0.681203 0.050000 0.100000
0 0.883536 0.672791 0.050000 0.100000
0 0.888794 0.454074 0.050000 0.100000
0 0.807826 0.311066 0.050000 0.100000
0 0.783641 0.372756 0.050000 0.100000
0 0.861454 0.291438 0.050000 0.100000
0 0.767869 0.444259 0.050000 0.100000
