0 0.270668 0.046937 0.050000 0.093874
0 0.193307 0.046937 0.050000 0.093874
0 0.310003 0.099818 0.050000 0.100000
0 0.260178 0.169748 0.050000 0.100000
0 0.252311 0.272895 0.050000 0.100000
0 0.167084 0.383035 0.050000 0.100000
0 0.019993 0.897021 0.039986 0.100000
0 0.083168 0.953937 0.050000 0.087959
0 0.299514 0.264154 0.050000 0.100000
0 0.354584 0.293874 0.050000 0.100000
0 0.346717 0.355063 0.050000 0.100000
0 0.442433 0.204713 0.050000 0.100000
0 0.458168 0.206461 0.050000 0.100000
0 0.543395 0.208209 0.050000 0.100000
0 0.574863 0.161007 0.050000 0.100000
0 0.696804 0.105063 0.050000 0.100000
0 0.725650 0.103314 0.050000 0.100000
0 0.664024 0.176741 0.050000 0.100000
0 0.733517 0.232685 0.050000 0.100000
0 0.761052 0.278140 0.050000 0.100000
0 0.812189 0.276391 0.050000 0.100000
0 0.831856 0.645272 0.050000 0.100000
0 0.911839 0.645272 0.050000 0.100000
0 0.619444 0.802615 0.050000 0.100000
0 0.412276 0.813105 0.050000 0.100000
0 0.349339 0.799119 0.050000 0.100000
0 0.271979 0.790377 0.050000 0.100000
0 0.454234 0.734433 0.050000 0.100000
0 0.496192 0.734433 0.050000 0.100000
0 0.509304 0.536881 0.050000 0.100000
0 0.526349 0.647021 0.050000 0.100000
0 0.551262 0.470447 0.050000 0.100000
0 0.577486 0.491426 0.050000 0.100000
0 0.572241 0.526391 0.050000 0.100000
0 0.391297 0.503664 0.050000 0.100000
0 0.405720 0.526391 0.050000 0.100000
