0 0.014731 0.498939 0.029462 0.100000
0 0.110666 0.479310 0.050000 0.100000
0 0.162190 0.459682 0.050000 0.100000
0 0.205303 0.456878 0.050000 0.100000
0 0.393526 0.508753 0.050000 0.100000
0 0.408247 0.531185 0.050000 0.100000
0 0.415608 0.484918 0.050000 0.100000
0 0.463978 0.814396 0.050000 0.100000
0 0.697416 0.926559 0.050000 0.100000
0 0.793105 0.899920 0.050000 0.100000
0 0.507090 0.531185 0.050000 0.100000
0 0.552306 0.515763 0.050000 0.100000
0 0.562821 0.489124 0.050000 0.100000
0 0.542842 0.463888 0.050000 0.100000
0 0.663768 0.253583 0.050000 0.100000
0 0.685850 0.235356 0.050000 0.100000
0 0.653252 0.141420 0.050000 0.100000
0 0.701622 0.133008 0.050000 0.100000
0 0.734220 0.204512 0.050000 0.100000
0 0.765765 0.155441 0.050000 0.100000
0 0.758405 0.135812 0.050000 0.100000
0 0.274703 0.118988 0.050000 0.100000
0 0.246312 0.125998 0.050000 0.100000
0 0.278910 0.093751 0.050000 0.100000
0 0.233694 0.065710 0.050000 0.100000
0 0.326228 0.082535 0.050000 0.100000
0 0.355671 0.089545 0.050000 0.100000
0 0.370392 0.079731 0.050000 0.100000
0 0.704777 0.147028 0.050000 0.100000
0 0.256828 0.102163 0.050000 0.100000
