0 0.190247 0.049630 0.050000 0.099260
0 0.204398 0.045437 0.050000 0.090874
0 0.216976 0.139406 0.050000 0.100000
0 0.261001 0.135214 0.050000 0.100000
0 0.273580 0.091188 0.050000 0.100000
0 0.289303 0.099574 0.050000 0.100000
0 0.355341 0.082803 0.050000 0.100000
0 0.371064 0.093285 0.050000 0.100000
0 0.204398 0.170853 0.050000 0.100000
0 0.213832 0.166660 0.050000 0.100000
0 0.275152 0.204396 0.050000 0.100000
0 0.204398 0.206492 0.050000 0.100000
0 0.187102 0.212782 0.050000 0.100000
0 0.229555 0.252614 0.050000 0.100000
0 0.242133 0.294543 0.050000 0.100000
0 0.216976 0.336471 0.050000 0.100000
0 0.163517 0.336471 0.050000 0.100000
0 0.018001 0.493704 0.036001 0.100000
0 0.016428 0.768337 0.032857 0.100000
0 0.110058 0.785109 0.050000 0.100000
0 0.231127 0.829134 0.050000 0.100000
0 0.301882 0.466450 0.050000 0.100000
0 0.353769 0.432907 0.050000 0.100000
0 0.399366 0.388882 0.050000 0.100000
0 0.674523 0.246325 0.050000 0.100000
0 0.691819 0.175046 0.050000 0.100000
0 0.735844 0.172949 0.050000 0.100000
0 0.773580 0.172949 0.050000 0.100000
0 0.805027 0.168757 0.050000 0.100000
0 0.889932 0.273578 0.050000 0.100000
0 0.877354 0.288253 0.050000 0.100000
0 0.718549 0.430811 0.050000 0.100000
0 0.652511 0.401461 0.050000 0.100000
0 0.452825 0.642551 0.050000 0.100000
0 0.432385 0.783012 0.050000 0.100000
0 0.748423 0.774627 0.050000 0.100000
0 0.792448 0.827037 0.050000 0.100000
0 0.838045 0.749469 0.050000 0.100000
0 0.896222 0.829134 0.050000 0.100000
0 0.974138 0.743180 0.048600 0.100000
0 0.545593 0.470643 0.050000 0.100000
