0 0.184449 0.109921 0.050000 0.100000
0 0.201891 0.139519 0.050000 0.100000
0 0.198720 0.171232 0.050000 0.100000
0 0.224090 0.135291 0.050000 0.100000
0 0.247874 0.107807 0.050000 0.100000
0 0.274830 0.095122 0.050000 0.100000
0 0.287515 0.093008 0.050000 0.100000
0 0.295443 0.088780 0.050000 0.100000
0 0.339840 0.088780 0.050000 0.100000
0 0.357282 0.090894 0.050000 0.100000
0 0.322399 0.175460 0.050000 0.100000
0 0.444492 0.205059 0.050000 0.100000
0 0.452420 0.213515 0.050000 0.100000
0 0.461933 0.198716 0.050000 0.100000
0 0.552314 0.467215 0.050000 0.100000
0 0.038572 0.536982 0.050000 0.100000
0 0.171764 0.737828 0.050000 0.100000
0 0.721976 0.965494 0.050000 0.064845
0 0.802843 0.966551 0.050000 0.062731
