0 0.197171 0.153120 0.050000 0.100000
0 0.448265 0.214390 0.050000 0.100000
0 0.545092 0.214390 0.050000 0.100000
0 0.594326 0.139991 0.050000 0.100000
0 0.614020 0.122486 0.050000 0.100000
0 0.641919 0.175002 0.050000 0.100000
0 0.664895 0.172814 0.050000 0.100000
0 0.723976 0.194696 0.050000 0.100000
0 0.771569 0.196884 0.050000 0.100000
0 0.827368 0.282223 0.050000 0.100000
0 0.824085 0.376315 0.050000 0.100000
0 0.742029 0.382880 0.050000 0.100000
0 0.676383 0.525112 0.050000 0.100000
0 0.661613 0.603886 0.050000 0.100000
0 0.548374 0.472595 0.050000 0.100000
0 0.502422 0.533864 0.050000 0.100000
0 0.397390 0.496665 0.050000 0.100000
0 0.400672 0.518547 0.050000 0.100000
0 0.453188 0.588569 0.050000 0.100000
0 0.449906 0.634521 0.050000 0.100000
0 0.499140 0.691414 0.050000 0.100000
0 0.618943 0.761436 0.050000 0.100000
0 0.604173 0.789882 0.050000 0.100000
0 0.515551 0.838022 0.050000 0.100000
0 0.425289 0.807387 0.050000 0.100000
0 0.316974 0.763624 0.050000 0.100000
0 0.192247 0.803011 0.050000 0.100000
0 0.192247 0.748306 0.050000 0.100000
0 0.060956 0.632333 0.050000 0.100000
0 0.121678 0.599510 0.050000 0.100000
0 0.101985 0.540429 0.050000 0.100000
