0 0.156519 0.413610 0.050000 0.100000
0 0.282845 0.773623 0.050000 0.100000
0 0.323346 0.758194 0.050000 0.100000
0 0.360955 0.800624 0.050000 0.100000
0 0.440993 0.645047 0.050000 0.100000
0 0.440029 0.564044 0.050000 0.100000
0 0.405314 0.526757 0.050000 0.100000
0 0.389884 0.502327 0.050000 0.100000
0 0.504639 0.535757 0.050000 0.100000
0 0.548997 0.472755 0.050000 0.100000
0 0.594320 0.508756 0.050000 0.100000
0 0.652180 0.597474 0.050000 0.100000
0 0.704253 0.583330 0.050000 0.100000
0 0.903867 0.774909 0.050000 0.100000
0 0.910617 0.729907 0.050000 0.100000
0 0.932797 0.668190 0.050000 0.100000
0 0.877830 0.571758 0.050000 0.100000
0 0.862401 0.377609 0.050000 0.100000
0 0.801649 0.403324 0.050000 0.100000
0 0.755362 0.376323 0.050000 0.100000
0 0.372527 0.207888 0.050000 0.100000
0 0.323346 0.225889 0.050000 0.100000
0 0.450637 0.210460 0.050000 0.100000
0 0.310810 0.096027 0.050000 0.100000
0 0.340704 0.101170 0.050000 0.100000
0 0.282845 0.094741 0.050000 0.100000
0 0.213414 0.081884 0.050000 0.100000
0 0.381206 0.044727 0.050000 0.089454
