0 0.227167 0.245053 0.050000 0.100000
0 0.279529 0.265586 0.050000 0.100000
0 0.302116 0.228626 0.050000 0.100000
0 0.302116 0.182082 0.050000 0.100000
0 0.324703 0.188927 0.050000 0.100000
0 0.321623 0.275169 0.050000 0.100000
0 0.368851 0.253266 0.050000 0.100000
0 0.395545 0.254635 0.050000 0.100000
0 0.441746 0.223150 0.050000 0.100000
0 0.454067 0.208092 0.050000 0.100000
0 0.633738 0.314868 0.050000 0.100000
0 0.555709 0.198509 0.050000 0.100000
0 0.666592 0.102684 0.050000 0.100000
0 0.692260 0.091733 0.050000 0.100000
0 0.685073 0.256004 0.050000 0.100000
0 0.698420 0.271062 0.050000 0.100000
0 0.717927 0.361411 0.050000 0.100000
0 0.453040 0.524313 0.050000 0.100000
0 0.516695 0.540741 0.050000 0.100000
0 0.498215 0.585915 0.050000 0.100000
0 0.465360 0.632459 0.050000 0.100000
0 0.546469 0.473663 0.050000 0.100000
0 0.983773 0.755662 0.029330 0.100000
0 0.264128 0.824108 0.050000 0.100000
0 0.278502 0.095840 0.050000 0.100000
0 0.298009 0.094471 0.050000 0.100000
