0 0.705923 0.284411 0.050000 0.100000
0 0.728899 0.280035 0.050000 0.100000
0 0.602532 0.273471 0.050000 0.100000
0 0.666536 0.275659 0.050000 0.100000
0 0.546733 0.216578 0.050000 0.100000
0 0.587762 0.135615 0.050000 0.100000
0 0.643560 0.129050 0.050000 0.100000
0 0.737105 0.133427 0.050000 0.100000
0 0.710847 0.203449 0.050000 0.100000
0 0.781416 0.216578 0.050000 0.100000
0 0.838856 0.295352 0.050000 0.100000
0 0.781416 0.310670 0.050000 0.100000
0 0.674742 0.553558 0.050000 0.100000
0 0.548374 0.466031 0.050000 0.100000
0 0.505705 0.525112 0.050000 0.100000
0 0.394107 0.505418 0.050000 0.100000
0 0.403954 0.520735 0.050000 0.100000
0 0.449906 0.588569 0.050000 0.100000
0 0.444983 0.636709 0.050000 0.100000
0 0.364567 0.792070 0.050000 0.100000
0 0.277587 0.794258 0.050000 0.100000
0 0.197171 0.752683 0.050000 0.100000
0 0.060956 0.636709 0.050000 0.100000
0 0.115114 0.603886 0.050000 0.100000
0 0.105267 0.553558 0.050000 0.100000
0 0.451547 0.207825 0.050000 0.100000
0 0.358002 0.260341 0.050000 0.100000
0 0.321897 0.247212 0.050000 0.100000
0 0.264457 0.218766 0.050000 0.100000
0 0.208659 0.231895 0.050000 0.100000
0 0.210300 0.290976 0.050000 0.100000
0 0.259534 0.133427 0.050000 0.100000
0 0.257893 0.157497 0.050000 0.100000
0 0.290716 0.183755 0.050000 0.100000
0 0.310409 0.083099 0.050000 0.100000
0 0.349797 0.091851 0.050000 0.100000
0 0.410519 0.065593 0.050000 0.100000
0 0.568068 0.214390 0.050000 0.100000
