0 0.063347 0.433043 0.050000 0.100000
0 0.107511 0.430239 0.050000 0.100000
0 0.214767 0.266201 0.050000 0.100000
0 0.253673 0.266201 0.050000 0.100000
0 0.235797 0.228346 0.050000 0.100000
0 0.266291 0.221336 0.050000 0.100000
0 0.285219 0.252181 0.050000 0.100000
0 0.329383 0.264799 0.050000 0.100000
0 0.380907 0.278819 0.050000 0.100000
0 0.380907 0.215728 0.050000 0.100000
0 0.446102 0.221336 0.050000 0.100000
0 0.409299 0.528381 0.050000 0.100000
0 0.397732 0.504547 0.050000 0.100000
0 0.413505 0.490526 0.050000 0.100000
0 0.503936 0.536794 0.050000 0.100000
0 0.543894 0.526979 0.050000 0.100000
0 0.558615 0.493330 0.050000 0.100000
0 0.528121 0.473702 0.050000 0.100000
0 0.467132 0.679801 0.050000 0.100000
0 0.430329 0.714852 0.050000 0.100000
0 0.727911 0.828416 0.050000 0.100000
0 0.742632 0.594277 0.050000 0.100000
0 0.825702 0.566236 0.050000 0.100000
0 0.937164 0.643348 0.050000 0.100000
0 0.882485 0.372756 0.050000 0.100000
0 0.838321 0.385374 0.050000 0.100000
0 0.839372 0.298448 0.050000 0.100000
0 0.806775 0.294242 0.050000 0.100000
0 0.716344 0.383972 0.050000 0.100000
0 0.724756 0.245171 0.050000 0.100000
0 0.652201 0.231150 0.050000 0.100000
0 0.644840 0.172265 0.050000 0.100000
0 0.704777 0.172265 0.050000 0.100000
0 0.596470 0.154039 0.050000 0.100000
0 0.572285 0.155441 0.050000 0.100000
0 0.278910 0.125998 0.050000 0.100000
0 0.277858 0.097957 0.050000 0.100000
0 0.283116 0.090947 0.050000 0.100000
0 0.253673 0.047340 0.050000 0.094680
0 0.224230 0.103565 0.050000 0.100000
0 0.313610 0.100761 0.050000 0.100000
0 0.333589 0.097957 0.050000 0.100000
0 0.358825 0.086741 0.050000 0.100000
0 0.374598 0.088143 0.050000 0.100000
0 0.210560 0.350323 0.050000 0.100000
