0 0.209115 0.133117 0.050000 0.100000
0 0.227983 0.133117 0.050000 0.100000
0 0.273580 0.093285 0.050000 0.100000
0 0.286159 0.093285 0.050000 0.100000
0 0.297165 0.112153 0.050000 0.100000
0 0.248423 0.149889 0.050000 0.100000
0 0.312888 0.160371 0.050000 0.100000
0 0.347479 0.183432 0.050000 0.100000
0 0.309744 0.196010 0.050000 0.100000
0 0.264146 0.210685 0.050000 0.100000
0 0.232699 0.261000 0.050000 0.100000
0 0.297165 0.403557 0.050000 0.100000
0 0.210687 0.741084 0.050000 0.100000
0 0.272008 0.747373 0.050000 0.100000
0 0.672951 0.187624 0.050000 0.100000
0 0.732699 0.168757 0.050000 0.100000
0 0.772008 0.179239 0.050000 0.100000
0 0.425464 0.169118 0.050000 0.100000
