0 0.053883 0.535391 0.050000 0.100000
0 0.125387 0.511557 0.050000 0.100000
0 0.175860 0.515763 0.050000 0.100000
0 0.099099 0.412013 0.050000 0.100000
0 0.411402 0.526979 0.050000 0.100000
0 0.396680 0.504547 0.050000 0.100000
0 0.419814 0.482114 0.050000 0.100000
0 0.509193 0.528381 0.050000 0.100000
0 0.547048 0.519969 0.050000 0.100000
0 0.563873 0.501743 0.050000 0.100000
0 0.543894 0.463888 0.050000 0.100000
0 0.361980 0.874683 0.050000 0.100000
0 0.595418 0.259191 0.050000 0.100000
0 0.623810 0.273211 0.050000 0.100000
0 0.655355 0.158245 0.050000 0.100000
0 0.679540 0.140018 0.050000 0.100000
0 0.708983 0.130204 0.050000 0.100000
0 0.708983 0.156843 0.050000 0.100000
0 0.736323 0.205914 0.050000 0.100000
0 0.224230 0.120390 0.050000 0.100000
0 0.250518 0.111978 0.050000 0.100000
0 0.278910 0.093751 0.050000 0.100000
0 0.228436 0.060102 0.050000 0.100000
0 0.342001 0.076927 0.050000 0.100000
0 0.355671 0.083937 0.050000 0.100000
0 0.365135 0.081133 0.050000 0.100000
0 0.263137 0.096555 0.050000 0.100000
