0 0.446624 0.207825 0.050000 0.100000
0 0.456471 0.207825 0.050000 0.100000
0 0.546733 0.225331 0.050000 0.100000
0 0.568068 0.194696 0.050000 0.100000
0 0.308768 0.091851 0.050000 0.100000
0 0.207018 0.142180 0.050000 0.100000
0 0.272663 0.253777 0.050000 0.100000
0 0.305486 0.245024 0.050000 0.100000
0 0.297280 0.286600 0.050000 0.100000
0 0.138090 0.389444 0.050000 0.100000
0 0.046186 0.520735 0.050000 0.100000
0 0.016720 0.704543 0.033440 0.100000
0 0.057674 0.638897 0.050000 0.100000
0 0.111832 0.619204 0.050000 0.100000
0 0.161066 0.562311 0.050000 0.100000
0 0.182401 0.737366 0.050000 0.100000
0 0.190606 0.711107 0.050000 0.100000
0 0.293998 0.816140 0.050000 0.100000
0 0.323538 0.789882 0.050000 0.100000
0 0.392466 0.805199 0.050000 0.100000
0 0.407236 0.857716 0.050000 0.100000
0 0.430212 0.748306 0.050000 0.100000
0 0.467958 0.737366 0.050000 0.100000
0 0.446624 0.636709 0.050000 0.100000
0 0.412160 0.533864 0.050000 0.100000
0 0.390825 0.509794 0.050000 0.100000
0 0.499140 0.540429 0.050000 0.100000
0 0.554939 0.470407 0.050000 0.100000
0 0.663254 0.518547 0.050000 0.100000
0 0.758440 0.627956 0.050000 0.100000
0 0.824085 0.520735 0.050000 0.100000
