0 0.275257 0.147021 0.050000 0.100000
0 0.322460 0.140028 0.050000 0.100000
0 0.314592 0.096321 0.050000 0.100000
0 0.335571 0.073594 0.050000 0.100000
0 0.352617 0.073594 0.050000 0.100000
0 0.444400 0.206461 0.050000 0.100000
0 0.288369 0.358559 0.050000 0.100000
0 0.360484 0.328839 0.050000 0.100000
0 0.266078 0.428489 0.050000 0.100000
0 0.022287 0.591077 0.044575 0.100000
0 0.060222 0.563105 0.050000 0.100000
0 0.136271 0.709958 0.050000 0.100000
0 0.294925 0.764154 0.050000 0.100000
0 0.293613 0.811356 0.050000 0.100000
0 0.363106 0.757161 0.050000 0.100000
0 0.402442 0.757161 0.050000 0.100000
0 0.423421 0.732685 0.050000 0.100000
0 0.423421 0.799119 0.050000 0.100000
0 0.393264 0.505412 0.050000 0.100000
0 0.403753 0.533384 0.050000 0.100000
0 0.471935 0.529888 0.050000 0.100000
0 0.448334 0.542126 0.050000 0.100000
0 0.567652 0.529888 0.050000 0.100000
0 0.591253 0.494923 0.050000 0.100000
0 0.549295 0.479189 0.050000 0.100000
0 0.559785 0.640028 0.050000 0.100000
0 0.540117 0.886531 0.050000 0.100000
0 0.586009 0.863804 0.050000 0.100000
0 0.686970 0.673244 0.050000 0.100000
0 0.753841 0.720447 0.050000 0.100000
0 0.820711 0.645272 0.050000 0.100000
0 0.941341 0.655762 0.050000 0.100000
0 0.660746 0.379538 0.050000 0.100000
0 0.715816 0.360307 0.050000 0.100000
0 0.742040 0.302615 0.050000 0.100000
0 0.765641 0.218699 0.050000 0.100000
0 0.816778 0.201216 0.050000 0.100000
0 0.786620 0.309608 0.050000 0.100000
0 0.804977 0.370797 0.050000 0.100000
0 0.858736 0.353314 0.050000 0.100000
