0 0.447744 0.207888 0.050000 0.100000
0 0.386027 0.171887 0.050000 0.100000
0 0.289595 0.156458 0.050000 0.100000
0 0.279952 0.090884 0.050000 0.100000
0 0.182556 0.047941 0.050000 0.095883
0 0.191234 0.044084 0.050000 0.088168
0 0.208592 0.160315 0.050000 0.100000
0 0.250058 0.146172 0.050000 0.100000
0 0.310810 0.092170 0.050000 0.100000
0 0.346490 0.094741 0.050000 0.100000
0 0.221128 0.436754 0.050000 0.100000
0 0.247165 0.456040 0.050000 0.100000
0 0.246201 0.754336 0.050000 0.100000
0 0.312739 0.785195 0.050000 0.100000
0 0.362883 0.798052 0.050000 0.100000
0 0.403385 0.520328 0.050000 0.100000
0 0.393742 0.506185 0.050000 0.100000
0 0.443886 0.639904 0.050000 0.100000
0 0.502710 0.539614 0.050000 0.100000
0 0.598178 0.498470 0.050000 0.100000
0 0.544176 0.463755 0.050000 0.100000
0 0.648322 0.254176 0.050000 0.100000
0 0.665680 0.202745 0.050000 0.100000
0 0.699431 0.130743 0.050000 0.100000
0 0.727396 0.153886 0.050000 0.100000
0 0.725468 0.240032 0.050000 0.100000
