0 0.440720 0.347722 0.050000 0.100000
0 0.406839 0.479139 0.050000 0.100000
0 0.389385 0.501042 0.050000 0.100000
0 0.453040 0.528420 0.050000 0.100000
0 0.504375 0.536634 0.050000 0.100000
0 0.481787 0.620138 0.050000 0.100000
0 0.388358 0.795361 0.050000 0.100000
0 0.550576 0.472294 0.050000 0.100000
0 0.688153 0.538003 0.050000 0.100000
0 0.694313 0.654361 0.050000 0.100000
0 0.785689 0.551692 0.050000 0.100000
0 0.871931 0.546216 0.050000 0.100000
0 0.729221 0.116374 0.050000 0.100000
0 0.702527 0.119111 0.050000 0.100000
0 0.711767 0.094471 0.050000 0.100000
0 0.283635 0.150597 0.050000 0.100000
0 0.264128 0.149228 0.050000 0.100000
0 0.276449 0.098578 0.050000 0.100000
0 0.292876 0.090364 0.050000 0.100000
0 0.299036 0.109529 0.050000 0.100000
0 0.366798 0.075306 0.050000 0.100000
0 0.392465 0.183451 0.050000 0.100000
0 0.416079 0.191665 0.050000 0.100000
0 0.445853 0.199878 0.050000 0.100000
0 0.545442 0.175237 0.050000 0.100000
