0 0.190321 0.554145 0.050000 0.100000
0 0.092432 0.511918 0.050000 0.100000
0 0.094351 0.458175 0.050000 0.100000
0 0.158651 0.456896 0.050000 0.100000
0 0.210474 0.462014 0.050000 0.100000
0 0.268056 0.462014 0.050000 0.100000
0 0.388017 0.509359 0.050000 0.100000
0 0.408171 0.524714 0.050000 0.100000
0 0.412969 0.488886 0.050000 0.100000
0 0.445599 0.541349 0.050000 0.100000
0 0.507019 0.540069 0.050000 0.100000
0 0.552125 0.524714 0.050000 0.100000
0 0.558843 0.495284 0.050000 0.100000
0 0.541568 0.472251 0.050000 0.100000
0 0.279572 0.758879 0.050000 0.100000
0 0.288209 0.264957 0.050000 0.100000
0 0.218152 0.286710 0.050000 0.100000
0 0.197998 0.130600 0.050000 0.100000
0 0.181683 0.097331 0.050000 0.100000
0 0.221031 0.081976 0.050000 0.100000
0 0.259418 0.093492 0.050000 0.100000
0 0.243104 0.131880 0.050000 0.100000
0 0.260378 0.148514 0.050000 0.100000
0 0.283411 0.161310 0.050000 0.100000
0 0.306443 0.096051 0.050000 0.100000
0 0.340033 0.097331 0.050000 0.100000
0 0.353468 0.093492 0.050000 0.100000
0 0.346751 0.140837 0.050000 0.100000
0 0.367864 0.133159 0.050000 0.100000
0 0.444639 0.208655 0.050000 0.100000
0 0.590513 0.120363 0.050000 0.100000
0 0.635618 0.130600 0.050000 0.100000
0 0.338113 0.044235 0.050000 0.088470
0 0.282451 0.045514 0.050000 0.091029
0 0.260378 0.047434 0.050000 0.094868
0 0.369783 0.045514 0.050000 0.091029
