0 0.273652 0.149832 0.050000 0.100000
0 0.252621 0.102163 0.050000 0.100000
0 0.271549 0.092349 0.050000 0.100000
0 0.284167 0.093751 0.050000 0.100000
0 0.234745 0.099359 0.050000 0.100000
0 0.223179 0.147028 0.050000 0.100000
0 0.184272 0.111978 0.050000 0.100000
0 0.184272 0.072721 0.050000 0.100000
0 0.332537 0.103565 0.050000 0.100000
0 0.354619 0.089545 0.050000 0.100000
0 0.366186 0.085339 0.050000 0.100000
0 0.347259 0.045237 0.050000 0.090474
0 0.643789 0.141420 0.050000 0.100000
0 0.686901 0.179275 0.050000 0.100000
0 0.720550 0.137214 0.050000 0.100000
0 0.805723 0.267603 0.050000 0.100000
0 0.812033 0.246573 0.050000 0.100000
0 0.839372 0.252181 0.050000 0.100000
0 0.810981 0.407806 0.050000 0.100000
0 0.540739 0.473702 0.050000 0.100000
0 0.561770 0.497537 0.050000 0.100000
0 0.538636 0.519969 0.050000 0.100000
0 0.501833 0.531185 0.050000 0.100000
0 0.398783 0.528381 0.050000 0.100000
0 0.391423 0.505949 0.050000 0.100000
0 0.402989 0.480712 0.050000 0.100000
0 0.380907 0.341911 0.050000 0.100000
0 0.315713 0.339107 0.050000 0.100000
0 0.284167 0.318076 0.050000 0.100000
0 0.189530 0.365745 0.050000 0.100000
0 0.143263 0.367148 0.050000 0.100000
0 0.078068 0.483516 0.050000 0.100000
0 0.118026 0.504547 0.050000 0.100000
0 0.213715 0.754109 0.050000 0.100000
0 0.794157 0.796170 0.050000 0.100000
0 0.837269 0.834024 0.050000 0.100000
0 0.895103 0.769531 0.050000 0.100000
