0 0.027300 0.543472 0.050000 0.100000
0 0.089981 0.538329 0.050000 0.100000
0 0.190270 0.863626 0.050000 0.100000
0 0.272237 0.754336 0.050000 0.100000
0 0.267416 0.850768 0.050000 0.100000
0 0.308882 0.787766 0.050000 0.100000
0 0.366741 0.790338 0.050000 0.100000
0 0.394706 0.507470 0.050000 0.100000
0 0.445815 0.641190 0.050000 0.100000
0 0.401456 0.517757 0.050000 0.100000
0 0.438100 0.578187 0.050000 0.100000
0 0.500781 0.525471 0.050000 0.100000
0 0.593356 0.511328 0.050000 0.100000
0 0.548033 0.471469 0.050000 0.100000
0 0.704253 0.382752 0.050000 0.100000
0 0.694610 0.423896 0.050000 0.100000
0 0.781398 0.380180 0.050000 0.100000
0 0.745719 0.273462 0.050000 0.100000
0 0.781398 0.285034 0.050000 0.100000
0 0.798756 0.296606 0.050000 0.100000
0 0.846972 0.413610 0.050000 0.100000
0 0.890367 0.403324 0.050000 0.100000
0 0.786220 0.166744 0.050000 0.100000
0 0.618428 0.135886 0.050000 0.100000
0 0.588534 0.148743 0.050000 0.100000
0 0.318525 0.236175 0.050000 0.100000
0 0.326239 0.211746 0.050000 0.100000
0 0.365776 0.220746 0.050000 0.100000
0 0.395670 0.209174 0.050000 0.100000
0 0.447744 0.209174 0.050000 0.100000
0 0.234629 0.213031 0.050000 0.100000
0 0.200878 0.223317 0.050000 0.100000
0 0.218235 0.191173 0.050000 0.100000
0 0.254880 0.191173 0.050000 0.100000
0 0.228843 0.138457 0.050000 0.100000
0 0.258737 0.137172 0.050000 0.100000
0 0.279952 0.155172 0.050000 0.100000
0 0.282845 0.096027 0.050000 0.100000
0 0.238486 0.080598 0.050000 0.100000
0 0.311774 0.090884 0.050000 0.100000
0 0.336847 0.102456 0.050000 0.100000
