0 0.181507 0.059608 0.050000 0.100000
0 0.222154 0.082335 0.050000 0.100000
0 0.190685 0.133035 0.050000 0.100000
0 0.311314 0.094573 0.050000 0.100000
0 0.338849 0.078839 0.050000 0.100000
0 0.353273 0.077091 0.050000 0.100000
0 0.441122 0.208209 0.050000 0.100000
0 0.454234 0.213454 0.050000 0.100000
0 0.299514 0.293874 0.050000 0.100000
0 0.359828 0.297370 0.050000 0.100000
0 0.132993 0.381286 0.050000 0.100000
0 0.202486 0.369049 0.050000 0.100000
0 0.232643 0.802615 0.050000 0.100000
0 0.384741 0.508909 0.050000 0.100000
0 0.405720 0.531636 0.050000 0.100000
0 0.464724 0.535133 0.050000 0.100000
0 0.515860 0.535133 0.050000 0.100000
0 0.572241 0.521147 0.050000 0.100000
0 0.598465 0.503664 0.050000 0.100000
0 0.547328 0.470447 0.050000 0.100000
0 0.636489 0.105063 0.050000 0.100000
0 0.640423 0.122545 0.050000 0.100000
