0 0.144314 0.528381 0.050000 0.100000
0 0.298889 0.297046 0.050000 0.100000
0 0.270497 0.271809 0.050000 0.100000
0 0.390371 0.514361 0.050000 0.100000
0 0.404041 0.526979 0.050000 0.100000
0 0.419814 0.493330 0.050000 0.100000
0 0.485008 0.633534 0.050000 0.100000
0 0.513400 0.549412 0.050000 0.100000
0 0.557564 0.531185 0.050000 0.100000
0 0.567027 0.498939 0.050000 0.100000
0 0.543894 0.489124 0.050000 0.100000
0 0.428226 0.761119 0.050000 0.100000
0 0.385114 0.796170 0.050000 0.100000
0 0.337795 0.773737 0.050000 0.100000
0 0.727911 0.503145 0.050000 0.100000
0 0.792054 0.445661 0.050000 0.100000
0 0.707932 0.137214 0.050000 0.100000
0 0.731065 0.121792 0.050000 0.100000
0 0.676386 0.086741 0.050000 0.100000
0 0.574388 0.124596 0.050000 0.100000
0 0.456617 0.200306 0.050000 0.100000
0 0.279961 0.111978 0.050000 0.100000
0 0.278910 0.096555 0.050000 0.100000
0 0.291528 0.093751 0.050000 0.100000
0 0.277858 0.074123 0.050000 0.100000
0 0.218973 0.068515 0.050000 0.100000
0 0.210560 0.106369 0.050000 0.100000
0 0.389320 0.046639 0.050000 0.093278
