0 0.364083 0.162451 0.050000 0.100000
0 0.346207 0.186285 0.050000 0.100000
0 0.339898 0.165255 0.050000 0.100000
0 0.392474 0.172265 0.050000 0.100000
0 0.294682 0.191893 0.050000 0.100000
0 0.284167 0.165255 0.050000 0.100000
0 0.278910 0.254985 0.050000 0.100000
0 0.249467 0.252181 0.050000 0.100000
0 0.261034 0.092349 0.050000 0.100000
0 0.278910 0.092349 0.050000 0.100000
0 0.296785 0.089545 0.050000 0.100000
0 0.281013 0.369952 0.050000 0.100000
0 0.235797 0.375560 0.050000 0.100000
0 0.150624 0.507351 0.050000 0.100000
0 0.393526 0.503145 0.050000 0.100000
0 0.413505 0.517165 0.050000 0.100000
0 0.450308 0.514361 0.050000 0.100000
0 0.521812 0.535391 0.050000 0.100000
0 0.556512 0.515763 0.050000 0.100000
0 0.561770 0.496135 0.050000 0.100000
0 0.543894 0.462486 0.050000 0.100000
0 0.654304 0.555020 0.050000 0.100000
0 0.717395 0.549412 0.050000 0.100000
0 0.355671 0.815798 0.050000 0.100000
0 0.804672 0.182079 0.050000 0.100000
0 0.806775 0.166657 0.050000 0.100000
0 0.462926 0.193295 0.050000 0.100000
0 0.570182 0.180677 0.050000 0.100000
0 0.308352 0.046639 0.050000 0.093278
0 0.323074 0.104967 0.050000 0.100000
