0 0.202486 0.045189 0.050000 0.090377
0 0.227398 0.082335 0.050000 0.100000
0 0.268045 0.089328 0.050000 0.100000
0 0.285091 0.103314 0.050000 0.100000
0 0.306070 0.098070 0.050000 0.100000
0 0.348028 0.087580 0.050000 0.100000
0 0.342783 0.075342 0.050000 0.100000
0 0.258867 0.120797 0.050000 0.100000
0 0.294269 0.120797 0.050000 0.100000
0 0.443745 0.199468 0.050000 0.100000
0 0.445056 0.213454 0.050000 0.100000
0 0.308692 0.323594 0.050000 0.100000
0 0.348028 0.323594 0.050000 0.100000
0 0.462101 0.536881 0.050000 0.100000
0 0.522416 0.540377 0.050000 0.100000
0 0.549951 0.466951 0.050000 0.100000
0 0.278535 0.753664 0.050000 0.100000
0 0.315248 0.762405 0.050000 0.100000
0 0.341472 0.949567 0.050000 0.096700
0 0.451612 0.760657 0.050000 0.100000
0 0.595842 0.255412 0.050000 0.100000
0 0.674514 0.363804 0.050000 0.100000
0 0.700738 0.613804 0.050000 0.100000
0 0.787276 0.741426 0.050000 0.100000
0 0.813500 0.327091 0.050000 0.100000
0 0.851524 0.355063 0.050000 0.100000
