0 0.019821 0.644779 0.039642 0.100000
0 0.024441 0.594129 0.048882 0.100000
0 0.043389 0.524313 0.050000 0.100000
0 0.461254 0.791254 0.050000 0.100000
0 0.467414 0.616031 0.050000 0.100000
0 0.501295 0.590022 0.050000 0.100000
0 0.504375 0.550323 0.050000 0.100000
0 0.458173 0.520207 0.050000 0.100000
0 0.547496 0.473663 0.050000 0.100000
0 0.339077 0.372363 0.050000 0.100000
0 0.303143 0.398372 0.050000 0.100000
0 0.301089 0.314868 0.050000 0.100000
0 0.309303 0.288858 0.050000 0.100000
0 0.244621 0.287489 0.050000 0.100000
0 0.198420 0.273800 0.050000 0.100000
0 0.206633 0.160179 0.050000 0.100000
0 0.243594 0.151966 0.050000 0.100000
0 0.288769 0.179344 0.050000 0.100000
0 0.219980 0.105422 0.050000 0.100000
0 0.200473 0.101315 0.050000 0.100000
0 0.195340 0.139645 0.050000 0.100000
0 0.275422 0.099947 0.050000 0.100000
0 0.295956 0.095840 0.050000 0.100000
0 0.437640 0.214936 0.050000 0.100000
0 0.450987 0.201247 0.050000 0.100000
0 0.642978 0.302547 0.050000 0.100000
0 0.663512 0.261480 0.050000 0.100000
0 0.692260 0.284751 0.050000 0.100000
0 0.724087 0.357305 0.050000 0.100000
0 0.826757 0.313499 0.050000 0.100000
0 0.679939 0.169762 0.050000 0.100000
0 0.662486 0.125956 0.050000 0.100000
0 0.543389 0.180713 0.050000 0.100000
