0 0.029229 0.540900 0.050000 0.100000
0 0.087088 0.537043 0.050000 0.100000
0 0.238486 0.774909 0.050000 0.100000
0 0.343597 0.786480 0.050000 0.100000
0 0.402421 0.767194 0.050000 0.100000
0 0.440029 0.643761 0.050000 0.100000
0 0.406278 0.524185 0.050000 0.100000
0 0.393742 0.501042 0.050000 0.100000
0 0.500781 0.524185 0.050000 0.100000
0 0.546104 0.470183 0.050000 0.100000
0 0.592392 0.519042 0.050000 0.100000
0 0.699431 0.774909 0.050000 0.100000
0 0.870116 0.507470 0.050000 0.100000
0 0.918332 0.483041 0.050000 0.100000
0 0.864330 0.286320 0.050000 0.100000
0 0.822864 0.274748 0.050000 0.100000
0 0.748612 0.312035 0.050000 0.100000
0 0.695574 0.314606 0.050000 0.100000
0 0.630964 0.287605 0.050000 0.100000
0 0.610714 0.166744 0.050000 0.100000
0 0.667609 0.165458 0.050000 0.100000
0 0.446779 0.205317 0.050000 0.100000
0 0.343597 0.098599 0.050000 0.100000
0 0.306953 0.097313 0.050000 0.100000
0 0.282845 0.097313 0.050000 0.100000
0 0.216307 0.065169 0.050000 0.100000
0 0.180627 0.067740 0.050000 0.100000
0 0.466066 0.351893 0.050000 0.100000
