0 0.208592 0.251604 0.050000 0.100000
0 0.191234 0.159029 0.050000 0.100000
0 0.187377 0.110171 0.050000 0.100000
0 0.217271 0.101170 0.050000 0.100000
0 0.280916 0.099884 0.050000 0.100000
0 0.275130 0.052311 0.050000 0.100000
0 0.259701 0.042155 0.050000 0.084311
0 0.293452 0.043441 0.050000 0.086882
0 0.360955 0.044727 0.050000 0.089454
0 0.325275 0.043441 0.050000 0.086882
0 0.277059 0.222032 0.050000 0.100000
0 0.304060 0.218174 0.050000 0.100000
0 0.310810 0.098599 0.050000 0.100000
0 0.345526 0.107599 0.050000 0.100000
0 0.359991 0.247747 0.050000 0.100000
0 0.444851 0.214317 0.050000 0.100000
0 0.397599 0.504899 0.050000 0.100000
0 0.410135 0.533186 0.050000 0.100000
0 0.446779 0.643761 0.050000 0.100000
0 0.502710 0.531900 0.050000 0.100000
0 0.549962 0.470183 0.050000 0.100000
0 0.312739 0.762051 0.050000 0.100000
0 0.282845 0.790338 0.050000 0.100000
0 0.375420 0.791623 0.050000 0.100000
0 0.622286 0.174459 0.050000 0.100000
0 0.614571 0.115314 0.050000 0.100000
0 0.593356 0.114028 0.050000 0.100000
0 0.642536 0.126885 0.050000 0.100000
0 0.643501 0.097313 0.050000 0.100000
0 0.680145 0.083170 0.050000 0.100000
