0 0.152219 0.376469 0.050000 0.100000
0 0.210740 0.381945 0.050000 0.100000
0 0.299036 0.275169 0.050000 0.100000
0 0.333943 0.290227 0.050000 0.100000
0 0.368851 0.268324 0.050000 0.100000
0 0.430453 0.266955 0.050000 0.100000
0 0.440720 0.221781 0.050000 0.100000
0 0.456120 0.202616 0.050000 0.100000
0 0.557763 0.180713 0.050000 0.100000
0 0.398625 0.485983 0.050000 0.100000
0 0.382198 0.495566 0.050000 0.100000
0 0.452013 0.518838 0.050000 0.100000
0 0.519775 0.533896 0.050000 0.100000
0 0.543389 0.472294 0.050000 0.100000
0 0.487948 0.616031 0.050000 0.100000
0 0.396572 0.810419 0.050000 0.100000
0 0.257968 0.802205 0.050000 0.100000
0 0.624498 0.802205 0.050000 0.100000
0 0.715874 0.835059 0.050000 0.100000
0 0.783635 0.951721 0.050000 0.092392
0 0.817516 0.499673 0.050000 0.100000
0 0.739488 0.520207 0.050000 0.100000
0 0.657352 0.472294 0.050000 0.100000
0 0.771315 0.257373 0.050000 0.100000
0 0.714847 0.097209 0.050000 0.100000
0 0.703553 0.087626 0.050000 0.100000
0 0.258995 0.128694 0.050000 0.100000
0 0.230247 0.130063 0.050000 0.100000
0 0.289796 0.095840 0.050000 0.100000
0 0.277475 0.104053 0.050000 0.100000
0 0.365771 0.079413 0.050000 0.100000
0 0.373985 0.048279 0.050000 0.096558
