0 0.194964 0.107960 0.050000 0.100000
0 0.182385 0.061838 0.050000 0.100000
0 0.218549 0.076513 0.050000 0.100000
0 0.272008 0.093285 0.050000 0.100000
0 0.283014 0.093285 0.050000 0.100000
0 0.306599 0.095381 0.050000 0.100000
0 0.355341 0.086996 0.050000 0.100000
0 0.264146 0.133117 0.050000 0.100000
0 0.213832 0.158274 0.050000 0.100000
0 0.188674 0.227457 0.050000 0.100000
0 0.249995 0.183432 0.050000 0.100000
0 0.242133 0.214878 0.050000 0.100000
0 0.312888 0.196010 0.050000 0.100000
0 0.356913 0.200203 0.050000 0.100000
0 0.449681 0.216975 0.050000 0.100000
0 0.339618 0.281964 0.050000 0.100000
0 0.396222 0.292446 0.050000 0.100000
0 0.356913 0.508379 0.050000 0.100000
0 0.229555 0.493704 0.050000 0.100000
0 0.619492 0.831230 0.050000 0.100000
0 0.738989 0.676094 0.050000 0.100000
0 0.808171 0.686576 0.050000 0.100000
0 0.982785 0.762048 0.031304 0.100000
0 0.283014 0.789302 0.050000 0.100000
0 0.545593 0.474836 0.050000 0.100000
