0 0.048523 0.579070 0.050000 0.100000
0 0.016227 0.624245 0.032455 0.100000
0 0.021361 0.787147 0.042722 0.100000
0 0.106017 0.789885 0.050000 0.100000
0 0.296982 0.806312 0.050000 0.100000
0 0.499241 0.655730 0.050000 0.100000
0 0.525935 0.646148 0.050000 0.100000
0 0.526962 0.614662 0.050000 0.100000
0 0.506428 0.544847 0.050000 0.100000
0 0.458173 0.524313 0.050000 0.100000
0 0.751808 0.948983 0.050000 0.097867
0 0.656325 0.965410 0.050000 0.065013
0 0.892465 0.580439 0.050000 0.100000
0 0.816490 0.375101 0.050000 0.100000
0 0.679939 0.362780 0.050000 0.100000
0 0.656325 0.355936 0.050000 0.100000
0 0.621418 0.291596 0.050000 0.100000
0 0.616284 0.231363 0.050000 0.100000
0 0.679939 0.264218 0.050000 0.100000
0 0.671726 0.199878 0.050000 0.100000
0 0.713820 0.198509 0.050000 0.100000
0 0.745648 0.205354 0.050000 0.100000
0 0.784662 0.208092 0.050000 0.100000
0 0.815463 0.220412 0.050000 0.100000
0 0.352424 0.372363 0.050000 0.100000
0 0.327783 0.343615 0.050000 0.100000
0 0.288769 0.292965 0.050000 0.100000
0 0.140925 0.373732 0.050000 0.100000
0 0.195340 0.303916 0.050000 0.100000
0 0.199447 0.243684 0.050000 0.100000
0 0.247701 0.199878 0.050000 0.100000
0 0.271315 0.188927 0.050000 0.100000
0 0.309303 0.183451 0.050000 0.100000
0 0.326757 0.209461 0.050000 0.100000
0 0.381171 0.232732 0.050000 0.100000
0 0.438666 0.217674 0.050000 0.100000
0 0.457147 0.208092 0.050000 0.100000
0 0.293902 0.090364 0.050000 0.100000
0 0.283635 0.090364 0.050000 0.100000
0 0.210740 0.079413 0.050000 0.100000
0 0.551603 0.191665 0.050000 0.100000
0 0.678913 0.225888 0.050000 0.100000
