0 0.205764 0.048685 0.050000 0.097370
0 0.220187 0.045189 0.050000 0.090377
0 0.310659 0.075342 0.050000 0.100000
0 0.275257 0.169748 0.050000 0.100000
0 0.315904 0.162755 0.050000 0.100000
0 0.224120 0.195972 0.050000 0.100000
0 0.217564 0.211706 0.050000 0.100000
0 0.187407 0.276391 0.050000 0.100000
0 0.237232 0.234433 0.050000 0.100000
0 0.287057 0.201216 0.050000 0.100000
0 0.334260 0.201216 0.050000 0.100000
0 0.302792 0.260657 0.050000 0.100000
0 0.445711 0.213454 0.050000 0.100000
0 0.022943 0.624293 0.045886 0.100000
0 0.391953 0.498419 0.050000 0.100000
0 0.403753 0.524643 0.050000 0.100000
0 0.565030 0.524643 0.050000 0.100000
0 0.578141 0.500168 0.050000 0.100000
0 0.549295 0.475692 0.050000 0.100000
0 0.319837 0.760657 0.050000 0.100000
0 0.363106 0.792126 0.050000 0.100000
0 0.406376 0.750168 0.050000 0.100000
0 0.411620 0.779888 0.050000 0.100000
0 0.439155 0.814853 0.050000 0.100000
0 0.475869 0.814853 0.050000 0.100000
0 0.511271 0.757161 0.050000 0.100000
0 0.633211 0.657510 0.050000 0.100000
0 0.709260 0.884783 0.050000 0.100000
0 0.812844 0.402265 0.050000 0.100000
0 0.853491 0.472196 0.050000 0.100000
0 0.866603 0.402265 0.050000 0.100000
