0 0.281881 0.789052 0.050000 0.100000
0 0.279952 0.744050 0.050000 0.100000
0 0.356133 0.790338 0.050000 0.100000
0 0.383134 0.891913 0.050000 0.100000
0 0.409171 0.537043 0.050000 0.100000
0 0.393742 0.504899 0.050000 0.100000
0 0.503674 0.530614 0.050000 0.100000
0 0.598178 0.506185 0.050000 0.100000
0 0.545140 0.467612 0.050000 0.100000
0 0.093838 0.517757 0.050000 0.100000
0 0.046586 0.517757 0.050000 0.100000
0 0.259701 0.188602 0.050000 0.100000
0 0.447744 0.211746 0.050000 0.100000
0 0.615535 0.150029 0.050000 0.100000
0 0.720646 0.268319 0.050000 0.100000
0 0.778505 0.273462 0.050000 0.100000
0 0.283809 0.093456 0.050000 0.100000
0 0.309846 0.093456 0.050000 0.100000
0 0.343597 0.093456 0.050000 0.100000
0 0.182556 0.047941 0.050000 0.095883
