0 0.154590 0.564044 0.050000 0.100000
0 0.160376 0.530614 0.050000 0.100000
0 0.227879 0.762051 0.050000 0.100000
0 0.314667 0.791623 0.050000 0.100000
0 0.370598 0.795481 0.050000 0.100000
0 0.444851 0.641190 0.050000 0.100000
0 0.413028 0.529328 0.050000 0.100000
0 0.400492 0.499756 0.050000 0.100000
0 0.502710 0.533186 0.050000 0.100000
0 0.596249 0.522900 0.050000 0.100000
0 0.541283 0.474041 0.050000 0.100000
0 0.629036 0.228461 0.050000 0.100000
0 0.666644 0.205317 0.050000 0.100000
0 0.651215 0.171887 0.050000 0.100000
0 0.698467 0.173173 0.050000 0.100000
0 0.737040 0.191173 0.050000 0.100000
0 0.310810 0.196316 0.050000 0.100000
0 0.272237 0.183459 0.050000 0.100000
0 0.224021 0.197602 0.050000 0.100000
0 0.182556 0.070312 0.050000 0.100000
0 0.204735 0.063883 0.050000 0.100000
0 0.283809 0.098599 0.050000 0.100000
0 0.307917 0.099884 0.050000 0.100000
0 0.346490 0.096027 0.050000 0.100000
0 0.390849 0.173173 0.050000 0.100000
0 0.449672 0.209174 0.050000 0.100000
