0 0.133375 0.409753 0.050000 0.100000
0 0.205699 0.430325 0.050000 0.100000
0 0.254880 0.443182 0.050000 0.100000
0 0.171948 0.574330 0.050000 0.100000
0 0.124696 0.557615 0.050000 0.100000
0 0.241379 0.584616 0.050000 0.100000
0 0.262594 0.912485 0.050000 0.100000
0 0.344561 0.843054 0.050000 0.100000
0 0.442922 0.637332 0.050000 0.100000
0 0.411099 0.525471 0.050000 0.100000
0 0.394706 0.495899 0.050000 0.100000
0 0.411099 0.462469 0.050000 0.100000
0 0.510424 0.528043 0.050000 0.100000
0 0.595285 0.499756 0.050000 0.100000
0 0.544176 0.466326 0.050000 0.100000
0 0.805506 0.643761 0.050000 0.100000
0 0.640608 0.961059 0.050000 0.073715
0 0.448708 0.206603 0.050000 0.100000
0 0.329132 0.132028 0.050000 0.100000
0 0.294417 0.126885 0.050000 0.100000
0 0.285738 0.092170 0.050000 0.100000
0 0.313703 0.093456 0.050000 0.100000
0 0.349383 0.097313 0.050000 0.100000
