0 0.273244 0.093008 0.050000 0.100000
0 0.287515 0.080323 0.050000 0.100000
0 0.289100 0.093008 0.050000 0.100000
0 0.338255 0.088780 0.050000 0.100000
0 0.354111 0.088780 0.050000 0.100000
0 0.423879 0.200830 0.050000 0.100000
0 0.430221 0.213515 0.050000 0.100000
0 0.460348 0.194488 0.050000 0.100000
0 0.278001 0.221972 0.050000 0.100000
0 0.278001 0.291739 0.050000 0.100000
0 0.336669 0.291739 0.050000 0.100000
0 0.377895 0.524297 0.050000 0.100000
0 0.420707 0.501042 0.050000 0.100000
0 0.544386 0.471443 0.050000 0.100000
0 0.655380 0.386877 0.050000 0.100000
0 0.696606 0.372078 0.050000 0.100000
0 0.745760 0.158547 0.050000 0.100000
0 0.834555 0.344593 0.050000 0.100000
0 0.804428 0.435503 0.050000 0.100000
0 0.748931 0.572923 0.050000 0.100000
0 0.187621 0.630006 0.050000 0.100000
0 0.228847 0.651147 0.050000 0.100000
0 0.016723 0.763198 0.033445 0.100000
0 0.271659 0.742056 0.050000 0.100000
0 0.222504 0.947130 0.050000 0.100000
0 0.254217 0.906961 0.050000 0.100000
