0 0.074190 0.444916 0.050000 0.100000
0 0.021874 0.551692 0.043748 0.100000
0 0.042362 0.581808 0.050000 0.100000
0 0.188153 0.350460 0.050000 0.100000
0 0.230247 0.344984 0.050000 0.100000
0 0.161459 0.839166 0.050000 0.100000
0 0.310330 0.343615 0.050000 0.100000
0 0.310330 0.450391 0.050000 0.100000
0 0.349344 0.410693 0.050000 0.100000
0 0.419159 0.773458 0.050000 0.100000
0 0.468440 0.620138 0.050000 0.100000
0 0.499241 0.584546 0.050000 0.100000
0 0.461254 0.528420 0.050000 0.100000
0 0.514642 0.532527 0.050000 0.100000
0 0.546469 0.468187 0.050000 0.100000
0 0.667619 0.286120 0.050000 0.100000
0 0.671726 0.269693 0.050000 0.100000
0 0.701500 0.271062 0.050000 0.100000
0 0.727167 0.372363 0.050000 0.100000
0 0.827783 0.357305 0.050000 0.100000
0 0.677886 0.135539 0.050000 0.100000
0 0.632711 0.116374 0.050000 0.100000
0 0.551603 0.195771 0.050000 0.100000
0 0.449960 0.206723 0.050000 0.100000
0 0.441746 0.219043 0.050000 0.100000
0 0.404785 0.165655 0.050000 0.100000
0 0.258995 0.160179 0.050000 0.100000
0 0.212794 0.169762 0.050000 0.100000
0 0.218954 0.150597 0.050000 0.100000
0 0.207660 0.104053 0.050000 0.100000
0 0.189180 0.094471 0.050000 0.100000
0 0.210740 0.243684 0.050000 0.100000
0 0.276449 0.101315 0.050000 0.100000
0 0.292876 0.093102 0.050000 0.100000
0 0.675833 0.303916 0.050000 0.100000
