0 0.045407 0.733287 0.050000 0.100000
0 0.115465 0.744804 0.050000 0.100000
0 0.442720 0.775514 0.050000 0.100000
0 0.511818 0.536230 0.050000 0.100000
0 0.412969 0.534951 0.050000 0.100000
0 0.396655 0.504241 0.050000 0.100000
0 0.420647 0.478649 0.050000 0.100000
0 0.551165 0.533671 0.050000 0.100000
0 0.565561 0.494004 0.050000 0.100000
0 0.548286 0.472251 0.050000 0.100000
0 0.724870 0.703857 0.050000 0.100000
0 0.818919 0.738406 0.050000 0.100000
0 0.773814 0.294388 0.050000 0.100000
0 0.609706 0.130600 0.050000 0.100000
0 0.555964 0.125482 0.050000 0.100000
0 0.287250 0.350690 0.050000 0.100000
0 0.264217 0.327657 0.050000 0.100000
0 0.233507 0.307184 0.050000 0.100000
0 0.245023 0.280312 0.050000 0.100000
0 0.214313 0.330216 0.050000 0.100000
0 0.199918 0.286710 0.050000 0.100000
0 0.450397 0.204816 0.050000 0.100000
0 0.341952 0.094772 0.050000 0.100000
0 0.364985 0.079417 0.050000 0.100000
0 0.299726 0.085815 0.050000 0.100000
0 0.275733 0.092212 0.050000 0.100000
0 0.277653 0.074298 0.050000 0.100000
0 0.250781 0.093492 0.050000 0.100000
0 0.223910 0.102449 0.050000 0.100000
0 0.196079 0.080696 0.050000 0.100000
0 0.179764 0.103729 0.050000 0.100000
0 0.191280 0.044235 0.050000 0.088470
