0 0.287433 0.172814 0.050000 0.100000
0 0.313692 0.094039 0.050000 0.100000
0 0.326821 0.168438 0.050000 0.100000
0 0.295639 0.227519 0.050000 0.100000
0 0.446624 0.203449 0.050000 0.100000
0 0.454829 0.205637 0.050000 0.100000
0 0.540169 0.207825 0.050000 0.100000
0 0.671460 0.120298 0.050000 0.100000
0 0.707565 0.360998 0.050000 0.100000
0 0.753516 0.360998 0.050000 0.100000
0 0.866755 0.431020 0.050000 0.100000
0 0.851985 0.450713 0.050000 0.100000
0 0.794545 0.595134 0.050000 0.100000
0 0.751875 0.833646 0.050000 0.100000
0 0.899578 0.923361 0.050000 0.100000
0 0.541810 0.463843 0.050000 0.100000
0 0.582838 0.492289 0.050000 0.100000
0 0.564786 0.529488 0.050000 0.100000
0 0.505705 0.529488 0.050000 0.100000
0 0.399031 0.507606 0.050000 0.100000
0 0.397390 0.525112 0.050000 0.100000
0 0.275945 0.299729 0.050000 0.100000
0 0.318615 0.341304 0.050000 0.100000
0 0.200453 0.293164 0.050000 0.100000
0 0.185683 0.656403 0.050000 0.100000
0 0.220147 0.719860 0.050000 0.100000
0 0.275945 0.792070 0.050000 0.100000
0 0.362926 0.794258 0.050000 0.100000
0 0.423648 0.752683 0.050000 0.100000
0 0.415442 0.776753 0.050000 0.100000
0 0.479446 0.737366 0.050000 0.100000
