0 0.416808 0.477369 0.050000 0.100000
0 0.391856 0.511918 0.050000 0.100000
0 0.408171 0.518316 0.050000 0.100000
0 0.504140 0.534951 0.050000 0.100000
0 0.565561 0.487606 0.050000 0.100000
0 0.542528 0.462014 0.050000 0.100000
0 0.245023 0.130600 0.050000 0.100000
0 0.229668 0.083255 0.050000 0.100000
0 0.182643 0.115245 0.050000 0.100000
0 0.449438 0.207376 0.050000 0.100000
0 0.665369 0.110127 0.050000 0.100000
0 0.720071 0.117804 0.050000 0.100000
0 0.753660 0.116525 0.050000 0.100000
0 0.290129 0.761438 0.050000 0.100000
0 0.203756 0.748642 0.050000 0.100000
0 0.220071 0.922667 0.050000 0.100000
0 0.311242 0.092212 0.050000 0.100000
0 0.349630 0.096051 0.050000 0.100000
0 0.412010 0.081976 0.050000 0.100000
