0 0.312289 0.081729 0.050000 0.100000
0 0.365861 0.087021 0.050000 0.100000
0 0.264670 0.139931 0.050000 0.100000
0 0.290464 0.129349 0.050000 0.100000
0 0.226972 0.409772 0.050000 0.100000
0 0.375781 0.274851 0.050000 0.100000
0 0.443242 0.200777 0.050000 0.100000
0 0.457130 0.211359 0.050000 0.100000
0 0.538480 0.195486 0.050000 0.100000
0 0.623797 0.200777 0.050000 0.100000
0 0.681337 0.184904 0.050000 0.100000
0 0.730940 0.179613 0.050000 0.100000
0 0.736892 0.108185 0.050000 0.100000
0 0.752765 0.108185 0.050000 0.100000
0 0.776575 0.370089 0.050000 0.100000
0 0.838083 0.364798 0.050000 0.100000
0 0.546416 0.467973 0.050000 0.100000
0 0.584115 0.494428 0.050000 0.100000
0 0.568242 0.520883 0.050000 0.100000
0 0.508718 0.528819 0.050000 0.100000
0 0.397607 0.512946 0.050000 0.100000
0 0.407527 0.523528 0.050000 0.100000
0 0.447210 0.732523 0.050000 0.100000
0 0.409511 0.743105 0.050000 0.100000
0 0.379750 0.788079 0.050000 0.100000
0 0.349988 0.806597 0.050000 0.100000
0 0.328162 0.758978 0.050000 0.100000
0 0.290464 0.793370 0.050000 0.100000
0 0.240861 0.645222 0.050000 0.100000
