0 0.176885 0.504241 0.050000 0.100000
0 0.393775 0.511918 0.050000 0.100000
0 0.406251 0.524714 0.050000 0.100000
0 0.417768 0.476090 0.050000 0.100000
0 0.249822 0.770395 0.050000 0.100000
0 0.507979 0.528553 0.050000 0.100000
0 0.555004 0.522155 0.050000 0.100000
0 0.561722 0.497843 0.050000 0.100000
0 0.550205 0.470971 0.050000 0.100000
0 0.751741 0.528553 0.050000 0.100000
0 0.806443 0.543908 0.050000 0.100000
0 0.757499 0.253441 0.050000 0.100000
0 0.592432 0.111406 0.050000 0.100000
0 0.448478 0.208655 0.050000 0.100000
0 0.346751 0.259839 0.050000 0.100000
0 0.308363 0.241925 0.050000 0.100000
0 0.284371 0.261118 0.050000 0.100000
0 0.234466 0.280312 0.050000 0.100000
0 0.221990 0.284151 0.050000 0.100000
0 0.190321 0.158751 0.050000 0.100000
0 0.229668 0.111406 0.050000 0.100000
0 0.239265 0.093492 0.050000 0.100000
0 0.226789 0.087094 0.050000 0.100000
0 0.206635 0.045514 0.050000 0.091029
0 0.190321 0.044875 0.050000 0.089749
0 0.266136 0.111406 0.050000 0.100000
0 0.279572 0.075578 0.050000 0.100000
0 0.306443 0.105008 0.050000 0.100000
0 0.335234 0.079417 0.050000 0.100000
0 0.357307 0.078137 0.050000 0.100000
0 0.368823 0.081976 0.050000 0.100000
0 0.247902 0.148514 0.050000 0.100000
