0 0.188718 0.048685 0.050000 0.097370
0 0.200519 0.048685 0.050000 0.097370
0 0.226743 0.048685 0.050000 0.097370
0 0.254278 0.046937 0.050000 0.093874
0 0.217564 0.087580 0.050000 0.100000
0 0.272634 0.110307 0.050000 0.100000
0 0.298858 0.110307 0.050000 0.100000
0 0.309348 0.101566 0.050000 0.100000
0 0.441778 0.206461 0.050000 0.100000
0 0.450956 0.206461 0.050000 0.100000
0 0.306725 0.230937 0.050000 0.100000
0 0.338194 0.236182 0.050000 0.100000
0 0.220187 0.430237 0.050000 0.100000
0 0.144138 0.397021 0.050000 0.100000
0 0.079890 0.458209 0.050000 0.100000
0 0.072023 0.507161 0.050000 0.100000
0 0.384085 0.508909 0.050000 0.100000
0 0.399820 0.526391 0.050000 0.100000
0 0.557162 0.529888 0.050000 0.100000
0 0.580764 0.494923 0.050000 0.100000
0 0.550606 0.473944 0.050000 0.100000
0 0.635834 0.601566 0.050000 0.100000
0 0.719750 0.603314 0.050000 0.100000
0 0.781376 0.454713 0.050000 0.100000
0 0.789243 0.505412 0.050000 0.100000
0 0.871848 0.487930 0.050000 0.100000
0 0.673858 0.874293 0.050000 0.100000
0 0.544050 0.697720 0.050000 0.100000
0 0.447023 0.781636 0.050000 0.100000
0 0.406376 0.769398 0.050000 0.100000
0 0.365729 0.778140 0.050000 0.100000
0 0.292302 0.753664 0.050000 0.100000
