0 0.197134 0.103579 0.050000 0.100000
0 0.271659 0.095122 0.050000 0.100000
0 0.276415 0.086665 0.050000 0.100000
0 0.282758 0.090894 0.050000 0.100000
0 0.297029 0.116264 0.050000 0.100000
0 0.322399 0.097236 0.050000 0.100000
0 0.339840 0.086665 0.050000 0.100000
0 0.352525 0.101464 0.050000 0.100000
0 0.365210 0.139519 0.050000 0.100000
0 0.317642 0.137405 0.050000 0.100000
0 0.460348 0.188145 0.050000 0.100000
0 0.287515 0.221972 0.050000 0.100000
0 0.230432 0.236771 0.050000 0.100000
0 0.174936 0.361507 0.050000 0.100000
0 0.311299 0.369963 0.050000 0.100000
0 0.071870 0.494699 0.050000 0.100000
0 0.060771 0.608864 0.050000 0.100000
0 0.155908 0.598293 0.050000 0.100000
0 0.354111 0.807596 0.050000 0.100000
0 0.534872 0.964437 0.050000 0.066960
0 0.555485 0.475672 0.050000 0.100000
0 0.685506 0.627892 0.050000 0.100000
0 0.760031 0.587722 0.050000 0.100000
0 0.672821 0.388991 0.050000 0.100000
0 0.731489 0.386877 0.050000 0.100000
0 0.672821 0.325566 0.050000 0.100000
0 0.709291 0.219858 0.050000 0.100000
0 0.634766 0.196602 0.050000 0.100000
