0 0.192199 0.597474 0.050000 0.100000
0 0.135304 0.587188 0.050000 0.100000
0 0.110232 0.524185 0.050000 0.100000
0 0.173877 0.503613 0.050000 0.100000
0 0.136268 0.431611 0.050000 0.100000
0 0.098660 0.684905 0.050000 0.100000
0 0.187377 0.733764 0.050000 0.100000
0 0.122768 0.846911 0.050000 0.100000
0 0.022775 0.818624 0.045550 0.100000
0 0.586606 0.579473 0.050000 0.100000
0 0.505603 0.537043 0.050000 0.100000
0 0.402421 0.531900 0.050000 0.100000
0 0.394706 0.502327 0.050000 0.100000
0 0.417850 0.474041 0.050000 0.100000
0 0.544176 0.463755 0.050000 0.100000
0 0.661823 0.603902 0.050000 0.100000
0 0.659894 0.691334 0.050000 0.100000
0 0.772720 0.668190 0.050000 0.100000
0 0.766934 0.955273 0.050000 0.085287
0 0.825757 0.961059 0.050000 0.073715
0 0.813221 0.404610 0.050000 0.100000
0 0.817078 0.188602 0.050000 0.100000
0 0.789113 0.182173 0.050000 0.100000
0 0.742826 0.174459 0.050000 0.100000
0 0.706181 0.178316 0.050000 0.100000
0 0.663751 0.187316 0.050000 0.100000
0 0.447744 0.209174 0.050000 0.100000
0 0.367705 0.238747 0.050000 0.100000
0 0.331061 0.240032 0.050000 0.100000
0 0.326239 0.207888 0.050000 0.100000
0 0.193163 0.139743 0.050000 0.100000
0 0.266451 0.078027 0.050000 0.100000
0 0.189306 0.101170 0.050000 0.100000
0 0.305024 0.094741 0.050000 0.100000
0 0.347454 0.099884 0.050000 0.100000
0 0.246201 0.625760 0.050000 0.100000
