0 0.273244 0.090894 0.050000 0.100000
0 0.284344 0.095122 0.050000 0.100000
0 0.295443 0.093008 0.050000 0.100000
0 0.335084 0.084551 0.050000 0.100000
0 0.339840 0.073980 0.050000 0.100000
0 0.178107 0.213515 0.050000 0.100000
0 0.273244 0.219858 0.050000 0.100000
0 0.285929 0.224086 0.050000 0.100000
0 0.284344 0.253684 0.050000 0.100000
0 0.331912 0.238885 0.050000 0.100000
0 0.355697 0.257913 0.050000 0.100000
0 0.358868 0.283283 0.050000 0.100000
0 0.400094 0.300196 0.050000 0.100000
0 0.401680 0.215629 0.050000 0.100000
0 0.442906 0.207173 0.050000 0.100000
0 0.457177 0.192374 0.050000 0.100000
0 0.714048 0.211401 0.050000 0.100000
0 0.752103 0.207173 0.050000 0.100000
0 0.845654 0.319223 0.050000 0.100000
0 0.549143 0.465101 0.050000 0.100000
0 0.649037 0.638462 0.050000 0.100000
0 0.720390 0.640577 0.050000 0.100000
0 0.984070 0.826623 0.028734 0.100000
0 0.449248 0.644805 0.050000 0.100000
0 0.354111 0.822395 0.050000 0.100000
0 0.182864 0.670175 0.050000 0.100000
0 0.032229 0.964437 0.050000 0.066960
0 0.032229 0.558124 0.050000 0.100000
0 0.098826 0.600407 0.050000 0.100000
0 0.200306 0.634234 0.050000 0.100000
0 0.354111 0.086665 0.050000 0.100000
0 0.362039 0.082437 0.050000 0.100000
