0 0.181278 0.063410 0.050000 0.100000
0 0.217747 0.057067 0.050000 0.100000
0 0.243117 0.045077 0.050000 0.090154
0 0.274830 0.088780 0.050000 0.100000
0 0.281172 0.093008 0.050000 0.100000
0 0.295443 0.088780 0.050000 0.100000
0 0.335084 0.086665 0.050000 0.100000
0 0.355697 0.086665 0.050000 0.100000
0 0.458762 0.190259 0.050000 0.100000
0 0.224090 0.279054 0.050000 0.100000
0 0.260559 0.279054 0.050000 0.100000
0 0.549143 0.462987 0.050000 0.100000
0 0.731489 0.308653 0.050000 0.100000
0 0.782229 0.276940 0.050000 0.100000
0 0.747346 0.431274 0.050000 0.100000
0 0.666479 0.822395 0.050000 0.100000
0 0.561828 0.816052 0.050000 0.100000
0 0.181278 0.788568 0.050000 0.100000
0 0.018308 0.674403 0.036616 0.100000
0 0.588783 0.124720 0.050000 0.100000
