0 0.295381 0.749193 0.050000 0.100000
0 0.196056 0.641190 0.050000 0.100000
0 0.117946 0.625760 0.050000 0.100000
0 0.174841 0.488184 0.050000 0.100000
0 0.184484 0.368608 0.050000 0.100000
0 0.230772 0.396895 0.050000 0.100000
0 0.303096 0.395609 0.050000 0.100000
0 0.447744 0.639904 0.050000 0.100000
0 0.410135 0.533186 0.050000 0.100000
0 0.391813 0.508756 0.050000 0.100000
0 0.413992 0.468898 0.050000 0.100000
0 0.504639 0.535757 0.050000 0.100000
0 0.581784 0.512614 0.050000 0.100000
0 0.542247 0.468898 0.050000 0.100000
0 0.774648 0.564044 0.050000 0.100000
0 0.553819 0.934343 0.050000 0.100000
0 0.478602 0.947200 0.050000 0.100000
0 0.016025 0.670762 0.032049 0.100000
0 0.279952 0.116599 0.050000 0.100000
0 0.285738 0.094741 0.050000 0.100000
0 0.307917 0.102456 0.050000 0.100000
0 0.324311 0.123028 0.050000 0.100000
0 0.347454 0.102456 0.050000 0.100000
0 0.447744 0.210460 0.050000 0.100000
