0 0.567319 0.080598 0.050000 0.100000
0 0.550926 0.110171 0.050000 0.100000
0 0.448708 0.209174 0.050000 0.100000
0 0.722575 0.229746 0.050000 0.100000
0 0.889402 0.250318 0.050000 0.100000
0 0.666644 0.223317 0.050000 0.100000
0 0.590463 0.498470 0.050000 0.100000
0 0.502710 0.535757 0.050000 0.100000
0 0.452565 0.573044 0.050000 0.100000
0 0.407242 0.530614 0.050000 0.100000
0 0.396635 0.501042 0.050000 0.100000
0 0.370598 0.794195 0.050000 0.100000
0 0.305024 0.756908 0.050000 0.100000
0 0.262594 0.783909 0.050000 0.100000
0 0.350347 0.953344 0.050000 0.089144
0 0.088052 0.575616 0.050000 0.100000
0 0.227879 0.117885 0.050000 0.100000
0 0.227879 0.157744 0.050000 0.100000
0 0.208592 0.119171 0.050000 0.100000
0 0.196056 0.070312 0.050000 0.100000
0 0.285738 0.093456 0.050000 0.100000
0 0.300203 0.114028 0.050000 0.100000
0 0.308882 0.093456 0.050000 0.100000
0 0.343597 0.094741 0.050000 0.100000
