0 0.050384 0.621412 0.050000 0.100000
0 0.023803 0.785433 0.047607 0.100000
0 0.109908 0.743105 0.050000 0.100000
0 0.316257 0.758978 0.050000 0.100000
0 0.302369 0.782788 0.050000 0.100000
0 0.349988 0.801306 0.050000 0.100000
0 0.383718 0.785433 0.050000 0.100000
0 0.425384 0.737814 0.050000 0.100000
0 0.443242 0.743105 0.050000 0.100000
0 0.544432 0.920354 0.050000 0.100000
0 0.584115 0.959268 0.050000 0.077298
0 0.397607 0.507655 0.050000 0.100000
0 0.405543 0.515592 0.050000 0.100000
0 0.558321 0.531465 0.050000 0.100000
0 0.580146 0.497073 0.050000 0.100000
0 0.548400 0.473264 0.050000 0.100000
0 0.534511 0.211359 0.050000 0.100000
0 0.810305 0.266915 0.050000 0.100000
0 0.699194 0.420354 0.050000 0.100000
0 0.699194 0.491782 0.050000 0.100000
0 0.695226 0.565856 0.050000 0.100000
0 0.748797 0.563211 0.050000 0.100000
0 0.828162 0.571147 0.050000 0.100000
0 0.895623 0.584375 0.050000 0.100000
0 0.086099 0.385962 0.050000 0.100000
0 0.123797 0.393899 0.050000 0.100000
0 0.189273 0.396544 0.050000 0.100000
0 0.199194 0.229878 0.050000 0.100000
0 0.232924 0.174322 0.050000 0.100000
0 0.268638 0.174322 0.050000 0.100000
0 0.441257 0.211359 0.050000 0.100000
0 0.455146 0.216650 0.050000 0.100000
0 0.310305 0.092312 0.050000 0.100000
