0 0.173046 0.450498 0.050000 0.100000
0 0.108747 0.422347 0.050000 0.100000
0 0.144255 0.509359 0.050000 0.100000
0 0.235426 0.961523 0.050000 0.072787
0 0.507979 0.874042 0.050000 0.100000
0 0.440800 0.842053 0.050000 0.100000
0 0.464793 0.732008 0.050000 0.100000
0 0.404332 0.525994 0.050000 0.100000
0 0.394735 0.506800 0.050000 0.100000
0 0.412969 0.481208 0.050000 0.100000
0 0.506060 0.540069 0.050000 0.100000
0 0.546367 0.532392 0.050000 0.100000
0 0.566520 0.497843 0.050000 0.100000
0 0.624102 0.826697 0.050000 0.100000
0 0.734466 0.955125 0.050000 0.085583
0 0.781491 0.591253 0.050000 0.100000
0 0.888977 0.757600 0.050000 0.100000
0 0.889937 0.511918 0.050000 0.100000
0 0.843871 0.257280 0.050000 0.100000
0 0.793967 0.267516 0.050000 0.100000
0 0.774774 0.195859 0.050000 0.100000
0 0.728708 0.134439 0.050000 0.100000
0 0.664409 0.131880 0.050000 0.100000
0 0.336194 0.282871 0.050000 0.100000
0 0.253660 0.185623 0.050000 0.100000
0 0.242144 0.161310 0.050000 0.100000
0 0.191280 0.212494 0.050000 0.100000
0 0.445599 0.207376 0.050000 0.100000
0 0.289169 0.110127 0.050000 0.100000
0 0.272854 0.097331 0.050000 0.100000
0 0.290129 0.089653 0.050000 0.100000
0 0.309323 0.084535 0.050000 0.100000
0 0.320839 0.076857 0.050000 0.100000
0 0.335234 0.079417 0.050000 0.100000
0 0.360186 0.089653 0.050000 0.100000
0 0.370743 0.092212 0.050000 0.100000
0 0.225829 0.098610 0.050000 0.100000
0 0.190321 0.103729 0.050000 0.100000
0 0.206635 0.045514 0.050000 0.091029
0 0.229668 0.046154 0.050000 0.092308
