0 0.060762 0.522155 0.050000 0.100000
0 0.189361 0.488886 0.050000 0.100000
0 0.294927 0.784471 0.050000 0.100000
0 0.438881 0.532392 0.050000 0.100000
0 0.403372 0.520875 0.050000 0.100000
0 0.397614 0.500402 0.050000 0.100000
0 0.418728 0.479928 0.050000 0.100000
0 0.510858 0.533671 0.050000 0.100000
0 0.562681 0.523435 0.050000 0.100000
0 0.570359 0.495284 0.050000 0.100000
0 0.545407 0.463294 0.050000 0.100000
0 0.237346 0.350690 0.050000 0.100000
0 0.245983 0.294388 0.050000 0.100000
0 0.250781 0.244484 0.050000 0.100000
0 0.205676 0.231688 0.050000 0.100000
0 0.280532 0.309743 0.050000 0.100000
0 0.303564 0.234247 0.050000 0.100000
0 0.286290 0.198419 0.050000 0.100000
0 0.336194 0.221451 0.050000 0.100000
0 0.326597 0.188182 0.050000 0.100000
0 0.352509 0.171547 0.050000 0.100000
0 0.329476 0.152353 0.050000 0.100000
0 0.313161 0.121643 0.050000 0.100000
0 0.311242 0.101170 0.050000 0.100000
0 0.339073 0.099890 0.050000 0.100000
0 0.355388 0.085815 0.050000 0.100000
0 0.237346 0.073019 0.050000 0.100000
0 0.210474 0.074298 0.050000 0.100000
0 0.202797 0.049353 0.050000 0.098706
0 0.213353 0.045514 0.050000 0.091029
0 0.184562 0.055104 0.050000 0.100000
0 0.193200 0.129321 0.050000 0.100000
0 0.450397 0.203537 0.050000 0.100000
