0 0.134340 0.468898 0.050000 0.100000
0 0.119875 0.411038 0.050000 0.100000
0 0.070694 0.403324 0.050000 0.100000
0 0.186413 0.488184 0.050000 0.100000
0 0.222093 0.381466 0.050000 0.100000
0 0.302131 0.362180 0.050000 0.100000
0 0.346490 0.362180 0.050000 0.100000
0 0.332025 0.305606 0.050000 0.100000
0 0.257773 0.304320 0.050000 0.100000
0 0.269344 0.161601 0.050000 0.100000
0 0.306953 0.159029 0.050000 0.100000
0 0.348419 0.187316 0.050000 0.100000
0 0.404349 0.211746 0.050000 0.100000
0 0.442922 0.206603 0.050000 0.100000
0 0.289595 0.093456 0.050000 0.100000
0 0.312739 0.096027 0.050000 0.100000
0 0.347454 0.097313 0.050000 0.100000
0 0.207628 0.046013 0.050000 0.092025
0 0.187377 0.045370 0.050000 0.090740
0 0.570212 0.135886 0.050000 0.100000
0 0.671466 0.430325 0.050000 0.100000
0 0.507531 0.533186 0.050000 0.100000
0 0.399528 0.535757 0.050000 0.100000
0 0.389884 0.508756 0.050000 0.100000
0 0.413992 0.476612 0.050000 0.100000
0 0.320453 0.749193 0.050000 0.100000
0 0.581784 0.650190 0.050000 0.100000
