0 0.018889 0.637318 0.037777 0.100000
0 0.015050 0.656512 0.030100 0.100000
0 0.241184 0.430024 0.050000 0.100000
0 0.484946 0.890677 0.050000 0.100000
0 0.481108 0.845891 0.050000 0.100000
0 0.467672 0.729449 0.050000 0.100000
0 0.678804 0.844612 0.050000 0.100000
0 0.413929 0.483767 0.050000 0.100000
0 0.386098 0.504241 0.050000 0.100000
0 0.404332 0.522155 0.050000 0.100000
0 0.508939 0.529832 0.050000 0.100000
0 0.549246 0.524714 0.050000 0.100000
0 0.558843 0.496563 0.050000 0.100000
0 0.547326 0.473530 0.050000 0.100000
0 0.817000 0.662910 0.050000 0.100000
0 0.764217 0.131880 0.050000 0.100000
0 0.757499 0.124202 0.050000 0.100000
0 0.841952 0.192021 0.050000 0.100000
0 0.610666 0.157472 0.050000 0.100000
0 0.447518 0.208655 0.050000 0.100000
0 0.265177 0.197139 0.050000 0.100000
0 0.260378 0.204816 0.050000 0.100000
0 0.195119 0.200978 0.050000 0.100000
0 0.203756 0.143396 0.050000 0.100000
0 0.220071 0.134439 0.050000 0.100000
0 0.248862 0.120363 0.050000 0.100000
0 0.270935 0.125482 0.050000 0.100000
0 0.273814 0.108847 0.050000 0.100000
0 0.255580 0.093492 0.050000 0.100000
0 0.246942 0.075578 0.050000 0.100000
0 0.294927 0.076857 0.050000 0.100000
0 0.319879 0.080696 0.050000 0.100000
0 0.358267 0.093492 0.050000 0.100000
0 0.372662 0.088374 0.050000 0.100000
0 0.386098 0.083255 0.050000 0.100000
0 0.183603 0.043595 0.050000 0.087190
