0 0.696536 0.168757 0.050000 0.100000
0 0.723266 0.168757 0.050000 0.100000
0 0.742133 0.158274 0.050000 0.100000
0 0.772008 0.149889 0.050000 0.100000
0 0.875781 0.279868 0.050000 0.100000
0 0.889932 0.281964 0.050000 0.100000
0 0.660372 0.233746 0.050000 0.100000
0 0.627354 0.476933 0.050000 0.100000
0 0.710687 0.504186 0.050000 0.100000
0 0.748423 0.692866 0.050000 0.100000
0 0.819177 0.676094 0.050000 0.100000
0 0.842762 0.753662 0.050000 0.100000
0 0.908800 0.835423 0.050000 0.100000
0 0.965404 0.736891 0.050000 0.100000
0 0.477983 0.722216 0.050000 0.100000
0 0.040876 0.720119 0.050000 0.100000
0 0.160372 0.711733 0.050000 0.100000
0 0.273580 0.495801 0.050000 0.100000
0 0.358486 0.426618 0.050000 0.100000
0 0.216976 0.231650 0.050000 0.100000
0 0.245278 0.267289 0.050000 0.100000
0 0.268863 0.292446 0.050000 0.100000
0 0.187102 0.292446 0.050000 0.100000
0 0.254712 0.214878 0.050000 0.100000
0 0.232699 0.214878 0.050000 0.100000
0 0.224838 0.191817 0.050000 0.100000
0 0.232699 0.179239 0.050000 0.100000
0 0.245278 0.145696 0.050000 0.100000
0 0.287731 0.141503 0.050000 0.100000
0 0.273580 0.089092 0.050000 0.100000
0 0.283014 0.091188 0.050000 0.100000
0 0.254712 0.172949 0.050000 0.100000
0 0.317605 0.208589 0.050000 0.100000
0 0.356913 0.080706 0.050000 0.100000
0 0.198108 0.055549 0.050000 0.100000
0 0.187102 0.044389 0.050000 0.088778
0 0.199681 0.045437 0.050000 0.090874
0 0.448108 0.684480 0.050000 0.100000
0 0.547165 0.468547 0.050000 0.100000
0 0.457177 0.200830 0.050000 0.100000
0 0.186035 0.211401 0.050000 0.100000
