0 0.269344 0.066455 0.050000 0.100000
0 0.247165 0.044084 0.050000 0.088168
0 0.237522 0.044084 0.050000 0.088168
0 0.278988 0.101170 0.050000 0.100000
0 0.307917 0.102456 0.050000 0.100000
0 0.340704 0.098599 0.050000 0.100000
0 0.199913 0.135886 0.050000 0.100000
0 0.215342 0.189888 0.050000 0.100000
0 0.215342 0.322321 0.050000 0.100000
0 0.269344 0.195031 0.050000 0.100000
0 0.295381 0.196316 0.050000 0.100000
0 0.335883 0.219460 0.050000 0.100000
0 0.445815 0.209174 0.050000 0.100000
0 0.397599 0.498470 0.050000 0.100000
0 0.410135 0.529328 0.050000 0.100000
0 0.438100 0.638618 0.050000 0.100000
0 0.502710 0.530614 0.050000 0.100000
0 0.546104 0.462469 0.050000 0.100000
0 0.640608 0.301749 0.050000 0.100000
0 0.692681 0.299177 0.050000 0.100000
0 0.676288 0.110171 0.050000 0.100000
0 0.708110 0.099884 0.050000 0.100000
0 0.591427 0.108885 0.050000 0.100000
0 0.370598 0.801910 0.050000 0.100000
0 0.328168 0.764623 0.050000 0.100000
0 0.300203 0.785195 0.050000 0.100000
0 0.042729 0.645047 0.050000 0.100000
0 0.309846 0.045370 0.050000 0.090740
0 0.330097 0.044084 0.050000 0.088168
0 0.347454 0.043441 0.050000 0.086882
0 0.406278 0.043441 0.050000 0.086882
