0 0.197309 0.074190 0.050000 0.100000
0 0.213976 0.046354 0.050000 0.092708
0 0.272309 0.083449 0.050000 0.100000
0 0.280642 0.090856 0.050000 0.100000
0 0.350087 0.063079 0.050000 0.100000
0 0.682031 0.094560 0.050000 0.100000
0 0.326476 0.227894 0.050000 0.100000
0 0.265365 0.309375 0.050000 0.100000
0 0.326476 0.459375 0.050000 0.100000
0 0.548698 0.476042 0.050000 0.100000
0 0.208420 0.744560 0.050000 0.100000
0 0.276476 0.735301 0.050000 0.100000
0 0.154253 0.900116 0.050000 0.100000
0 0.838976 0.164931 0.050000 0.100000
0 0.436563 0.147976 0.050000 0.100000
