0 0.193963 0.090894 0.050000 0.100000
0 0.197134 0.141634 0.050000 0.100000
0 0.222504 0.154319 0.050000 0.100000
0 0.243117 0.114149 0.050000 0.100000
0 0.266902 0.090894 0.050000 0.100000
0 0.290686 0.095122 0.050000 0.100000
0 0.304957 0.090894 0.050000 0.100000
0 0.298614 0.135291 0.050000 0.100000
0 0.333498 0.086665 0.050000 0.100000
0 0.352525 0.086665 0.050000 0.100000
0 0.454005 0.194488 0.050000 0.100000
0 0.750517 0.822395 0.050000 0.100000
0 0.311299 0.784340 0.050000 0.100000
0 0.858339 0.877363 0.050000 0.100000
0 0.544386 0.471443 0.050000 0.100000
