0 0.181591 0.063883 0.050000 0.100000
0 0.283809 0.092170 0.050000 0.100000
0 0.312739 0.097313 0.050000 0.100000
0 0.349383 0.093456 0.050000 0.100000
0 0.331061 0.200174 0.050000 0.100000
0 0.368669 0.202745 0.050000 0.100000
0 0.450637 0.209174 0.050000 0.100000
0 0.200878 0.502327 0.050000 0.100000
0 0.169055 0.535757 0.050000 0.100000
0 0.119875 0.531900 0.050000 0.100000
0 0.013132 0.618046 0.026263 0.100000
0 0.276095 0.751765 0.050000 0.100000
0 0.283809 0.781337 0.050000 0.100000
0 0.373491 0.807053 0.050000 0.100000
0 0.451601 0.645047 0.050000 0.100000
0 0.406278 0.526757 0.050000 0.100000
0 0.394706 0.506185 0.050000 0.100000
0 0.502710 0.531900 0.050000 0.100000
0 0.546104 0.462469 0.050000 0.100000
0 0.595285 0.510042 0.050000 0.100000
0 0.588534 0.664333 0.050000 0.100000
0 0.565391 0.729907 0.050000 0.100000
0 0.672430 0.540900 0.050000 0.100000
0 0.723539 0.565330 0.050000 0.100000
0 0.751504 0.582045 0.050000 0.100000
0 0.839258 0.614189 0.050000 0.100000
0 0.902903 0.466326 0.050000 0.100000
0 0.907724 0.422610 0.050000 0.100000
