0 0.189989 0.056597 0.050000 0.100000
0 0.269224 0.107599 0.050000 0.100000
0 0.281519 0.105778 0.050000 0.100000
0 0.311574 0.102135 0.050000 0.100000
0 0.194087 0.153136 0.050000 0.100000
0 0.181792 0.225996 0.050000 0.100000
0 0.235071 0.289748 0.050000 0.100000
0 0.299279 0.209603 0.050000 0.100000
0 0.330699 0.196852 0.050000 0.100000
0 0.326601 0.173173 0.050000 0.100000
0 0.352557 0.202317 0.050000 0.100000
0 0.444087 0.207781 0.050000 0.100000
0 0.459115 0.209603 0.050000 0.100000
0 0.225508 0.353501 0.050000 0.100000
0 0.103923 0.521078 0.050000 0.100000
0 0.187257 0.493756 0.050000 0.100000
0 0.236437 0.515614 0.050000 0.100000
0 0.288350 0.566615 0.050000 0.100000
0 0.217311 0.655869 0.050000 0.100000
0 0.389442 0.510149 0.050000 0.100000
0 0.405836 0.526543 0.050000 0.100000
0 0.302011 0.788838 0.050000 0.100000
0 0.323869 0.754229 0.050000 0.100000
0 0.349825 0.796124 0.050000 0.100000
0 0.364852 0.792481 0.050000 0.100000
0 0.405836 0.763337 0.050000 0.100000
0 0.426328 0.737836 0.050000 0.100000
0 0.617585 0.894484 0.050000 0.100000
0 0.688623 0.894484 0.050000 0.100000
0 0.949552 0.754229 0.050000 0.100000
0 0.907202 0.583009 0.050000 0.100000
0 0.829333 0.570258 0.050000 0.100000
0 0.568404 0.533829 0.050000 0.100000
0 0.586164 0.504685 0.050000 0.100000
0 0.539716 0.468255 0.050000 0.100000
0 0.606656 0.253319 0.050000 0.100000
0 0.633978 0.238747 0.050000 0.100000
0 0.655836 0.196852 0.050000 0.100000
0 0.548374 0.216578 0.050000 0.100000
