0 0.244829 0.052629 0.050000 0.100000
0 0.310305 0.094957 0.050000 0.100000
0 0.320226 0.131994 0.050000 0.100000
0 0.264670 0.142576 0.050000 0.100000
0 0.205146 0.174322 0.050000 0.100000
0 0.256734 0.229878 0.050000 0.100000
0 0.324194 0.224587 0.050000 0.100000
0 0.457130 0.206068 0.050000 0.100000
0 0.348003 0.378026 0.050000 0.100000
0 0.244829 0.338343 0.050000 0.100000
0 0.282527 0.417708 0.050000 0.100000
0 0.226972 0.409772 0.050000 0.100000
0 0.221019 0.467973 0.050000 0.100000
0 0.137686 0.428290 0.050000 0.100000
0 0.111892 0.436227 0.050000 0.100000
0 0.038480 0.542047 0.050000 0.100000
0 0.014875 0.555274 0.029750 0.100000
0 0.215067 0.706068 0.050000 0.100000
0 0.393638 0.510301 0.050000 0.100000
0 0.417448 0.534110 0.050000 0.100000
0 0.332130 0.766915 0.050000 0.100000
0 0.304353 0.793370 0.050000 0.100000
0 0.355940 0.801306 0.050000 0.100000
0 0.369829 0.788079 0.050000 0.100000
0 0.429353 0.743105 0.050000 0.100000
0 0.467051 0.743105 0.050000 0.100000
0 0.506734 0.536756 0.050000 0.100000
0 0.558321 0.526174 0.050000 0.100000
0 0.588083 0.502364 0.050000 0.100000
0 0.550384 0.462682 0.050000 0.100000
0 0.548400 0.221941 0.050000 0.100000
0 0.592051 0.190195 0.050000 0.100000
0 0.669432 0.227232 0.050000 0.100000
0 0.703162 0.232523 0.050000 0.100000
0 0.754750 0.200777 0.050000 0.100000
0 0.939273 0.777497 0.050000 0.100000
0 0.867845 0.772206 0.050000 0.100000
0 0.732924 0.843634 0.050000 0.100000
0 0.631734 0.843634 0.050000 0.100000
