0 0.223465 0.045189 0.050000 0.090377
0 0.270668 0.092825 0.050000 0.100000
0 0.282468 0.092825 0.050000 0.100000
0 0.300825 0.091077 0.050000 0.100000
0 0.353273 0.087580 0.050000 0.100000
0 0.340161 0.082335 0.050000 0.100000
0 0.190685 0.206461 0.050000 0.100000
0 0.202486 0.318349 0.050000 0.100000
0 0.256245 0.314853 0.050000 0.100000
0 0.388675 0.223944 0.050000 0.100000
0 0.418832 0.223944 0.050000 0.100000
0 0.451612 0.209958 0.050000 0.100000
0 0.467346 0.213454 0.050000 0.100000
0 0.469968 0.531636 0.050000 0.100000
0 0.530283 0.531636 0.050000 0.100000
0 0.547328 0.466951 0.050000 0.100000
0 0.595842 0.486182 0.050000 0.100000
0 0.576175 0.526391 0.050000 0.100000
0 0.332293 0.774643 0.050000 0.100000
0 0.014093 0.909258 0.028185 0.100000
0 0.016715 0.856811 0.033430 0.100000
0 0.248377 0.954811 0.050000 0.086211
0 0.441122 0.744923 0.050000 0.100000
0 0.438500 0.720447 0.050000 0.100000
0 0.816122 0.963553 0.050000 0.068728
0 0.675825 0.218699 0.050000 0.100000
0 0.669269 0.173244 0.050000 0.100000
0 0.702049 0.176741 0.050000 0.100000
0 0.762363 0.176741 0.050000 0.100000
0 0.792521 0.176741 0.050000 0.100000
