0 0.207660 0.331295 0.050000 0.100000
0 0.265155 0.323081 0.050000 0.100000
0 0.304169 0.294334 0.050000 0.100000
0 0.341130 0.269693 0.050000 0.100000
0 0.361664 0.250528 0.050000 0.100000
0 0.414026 0.251897 0.050000 0.100000
0 0.436613 0.221781 0.050000 0.100000
0 0.452013 0.202616 0.050000 0.100000
0 0.381171 0.479139 0.050000 0.100000
0 0.360638 0.495566 0.050000 0.100000
0 0.447907 0.524313 0.050000 0.100000
0 0.504375 0.544847 0.050000 0.100000
0 0.492054 0.588653 0.050000 0.100000
0 0.467414 0.625614 0.050000 0.100000
0 0.319570 0.799467 0.050000 0.100000
0 0.545442 0.473663 0.050000 0.100000
0 0.788769 0.476401 0.050000 0.100000
0 0.780555 0.442178 0.050000 0.100000
0 0.772342 0.495566 0.050000 0.100000
0 0.741541 0.427120 0.050000 0.100000
0 0.732301 0.334033 0.050000 0.100000
0 0.717927 0.128694 0.050000 0.100000
0 0.711767 0.110898 0.050000 0.100000
0 0.260021 0.139645 0.050000 0.100000
0 0.229221 0.108160 0.050000 0.100000
0 0.181993 0.141014 0.050000 0.100000
0 0.303143 0.153335 0.050000 0.100000
0 0.289796 0.101315 0.050000 0.100000
0 0.291849 0.084888 0.050000 0.100000
0 0.554683 0.190296 0.050000 0.100000
