0 0.040876 0.428715 0.050000 0.100000
0 0.050310 0.432907 0.050000 0.100000
0 0.116347 0.470643 0.050000 0.100000
0 0.213832 0.474836 0.050000 0.100000
0 0.165089 0.430811 0.050000 0.100000
0 0.161945 0.374207 0.050000 0.100000
0 0.224838 0.302928 0.050000 0.100000
0 0.294020 0.445486 0.050000 0.100000
0 0.353769 0.437100 0.050000 0.100000
0 0.190247 0.629972 0.050000 0.100000
0 0.245278 0.785109 0.050000 0.100000
0 0.460687 0.621587 0.050000 0.100000
0 0.913517 0.799784 0.050000 0.100000
0 0.965404 0.755759 0.050000 0.100000
0 0.959115 0.860580 0.050000 0.100000
0 0.212259 0.164564 0.050000 0.100000
0 0.212259 0.110056 0.050000 0.100000
0 0.188674 0.048582 0.050000 0.097163
0 0.212259 0.048582 0.050000 0.097163
0 0.232699 0.046485 0.050000 0.092970
0 0.273580 0.089092 0.050000 0.100000
0 0.283014 0.093285 0.050000 0.100000
0 0.360058 0.084899 0.050000 0.100000
0 0.595907 0.250518 0.050000 0.100000
0 0.647794 0.252614 0.050000 0.100000
0 0.699681 0.107960 0.050000 0.100000
0 0.713832 0.105863 0.050000 0.100000
0 0.699681 0.210685 0.050000 0.100000
0 0.753140 0.202300 0.050000 0.100000
0 0.746850 0.290350 0.050000 0.100000
0 0.806599 0.240035 0.050000 0.100000
0 0.833328 0.221167 0.050000 0.100000
0 0.888360 0.279868 0.050000 0.100000
0 0.732699 0.317604 0.050000 0.100000
0 0.679240 0.307121 0.050000 0.100000
0 0.547165 0.460161 0.050000 0.100000
