0 0.204453 0.070098 0.050000 0.100000
0 0.224120 0.070098 0.050000 0.100000
0 0.314592 0.091077 0.050000 0.100000
0 0.252967 0.152265 0.050000 0.100000
0 0.294925 0.145272 0.050000 0.100000
0 0.279190 0.190727 0.050000 0.100000
0 0.231988 0.215203 0.050000 0.100000
0 0.296236 0.232685 0.050000 0.100000
0 0.326393 0.183734 0.050000 0.100000
0 0.217564 0.234433 0.050000 0.100000
0 0.237232 0.269398 0.050000 0.100000
0 0.191341 0.297370 0.050000 0.100000
0 0.035309 0.494923 0.050000 0.100000
0 0.390641 0.503664 0.050000 0.100000
0 0.398509 0.522895 0.050000 0.100000
0 0.554540 0.517650 0.050000 0.100000
0 0.572897 0.487930 0.050000 0.100000
0 0.549295 0.461706 0.050000 0.100000
0 0.317215 0.762405 0.050000 0.100000
0 0.355239 0.793874 0.050000 0.100000
0 0.397197 0.755412 0.050000 0.100000
0 0.432599 0.783384 0.050000 0.100000
0 0.468002 0.806112 0.050000 0.100000
0 0.523071 0.750168 0.050000 0.100000
0 0.651568 0.688979 0.050000 0.100000
0 0.713194 0.888279 0.050000 0.100000
0 0.824645 0.451216 0.050000 0.100000
0 0.878404 0.438979 0.050000 0.100000
0 0.875781 0.515902 0.050000 0.100000
0 0.441778 0.206461 0.050000 0.100000
