0 0.273290 0.096321 0.050000 0.100000
0 0.289024 0.096321 0.050000 0.100000
0 0.300825 0.096321 0.050000 0.100000
0 0.344094 0.077091 0.050000 0.100000
0 0.273290 0.190727 0.050000 0.100000
0 0.308692 0.155762 0.050000 0.100000
0 0.291647 0.185482 0.050000 0.100000
0 0.306070 0.188979 0.050000 0.100000
0 0.433255 0.218699 0.050000 0.100000
0 0.448989 0.206461 0.050000 0.100000
0 0.391297 0.168000 0.050000 0.100000
0 0.666647 0.215203 0.050000 0.100000
0 0.195930 0.416251 0.050000 0.100000
0 0.244444 0.424993 0.050000 0.100000
0 0.392608 0.508909 0.050000 0.100000
0 0.401786 0.533384 0.050000 0.100000
0 0.459479 0.526391 0.050000 0.100000
0 0.525038 0.536881 0.050000 0.100000
0 0.566996 0.519398 0.050000 0.100000
0 0.593220 0.491426 0.050000 0.100000
0 0.548640 0.472196 0.050000 0.100000
0 0.291647 0.748419 0.050000 0.100000
0 0.657468 0.825342 0.050000 0.100000
0 0.774164 0.781636 0.050000 0.100000
0 0.772853 0.454713 0.050000 0.100000
