0 0.279587 0.088780 0.050000 0.100000
0 0.292272 0.090894 0.050000 0.100000
0 0.336669 0.088780 0.050000 0.100000
0 0.358868 0.088780 0.050000 0.100000
0 0.428635 0.207173 0.050000 0.100000
0 0.454005 0.219858 0.050000 0.100000
0 0.460348 0.190259 0.050000 0.100000
0 0.590369 0.234657 0.050000 0.100000
0 0.607811 0.224086 0.050000 0.100000
0 0.639523 0.179689 0.050000 0.100000
0 0.687092 0.177574 0.050000 0.100000
0 0.552314 0.471443 0.050000 0.100000
0 0.182864 0.623663 0.050000 0.100000
0 0.214576 0.644805 0.050000 0.100000
0 0.308128 0.813938 0.050000 0.100000
0 0.492060 0.969722 0.050000 0.056389
0 0.821870 0.720915 0.050000 0.100000
0 0.886881 0.704001 0.050000 0.100000
