0 0.470494 0.784409 0.050000 0.100000
0 0.499241 0.628352 0.050000 0.100000
0 0.475627 0.533896 0.050000 0.100000
0 0.508481 0.533896 0.050000 0.100000
0 0.545442 0.522944 0.050000 0.100000
0 0.552629 0.496935 0.050000 0.100000
0 0.540309 0.480508 0.050000 0.100000
0 0.431479 0.525682 0.050000 0.100000
0 0.403759 0.532527 0.050000 0.100000
0 0.392465 0.517469 0.050000 0.100000
0 0.350371 0.366887 0.050000 0.100000
0 0.357557 0.297072 0.050000 0.100000
0 0.345237 0.276538 0.050000 0.100000
0 0.311356 0.280645 0.050000 0.100000
0 0.269262 0.288858 0.050000 0.100000
0 0.244621 0.306654 0.050000 0.100000
0 0.219980 0.387421 0.050000 0.100000
0 0.188153 0.302547 0.050000 0.100000
0 0.232301 0.210829 0.050000 0.100000
0 0.301089 0.198509 0.050000 0.100000
0 0.354477 0.198509 0.050000 0.100000
0 0.390412 0.187558 0.050000 0.100000
0 0.447907 0.206723 0.050000 0.100000
0 0.387332 0.343615 0.050000 0.100000
0 0.752835 0.692691 0.050000 0.100000
0 0.744621 0.600973 0.050000 0.100000
0 0.597804 0.225888 0.050000 0.100000
0 0.550576 0.201247 0.050000 0.100000
0 0.359611 0.101315 0.050000 0.100000
0 0.381171 0.121849 0.050000 0.100000
0 0.318543 0.106791 0.050000 0.100000
0 0.289796 0.088995 0.050000 0.100000
0 0.278502 0.098578 0.050000 0.100000
0 0.236408 0.047595 0.050000 0.095190
0 0.209713 0.047595 0.050000 0.095190
