0 0.318242 0.097603 0.050000 0.100000
0 0.232924 0.158449 0.050000 0.100000
0 0.175384 0.232523 0.050000 0.100000
0 0.195226 0.309243 0.050000 0.100000
0 0.197210 0.370089 0.050000 0.100000
0 0.236892 0.370089 0.050000 0.100000
0 0.401575 0.198132 0.050000 0.100000
0 0.445226 0.198132 0.050000 0.100000
0 0.409511 0.465327 0.050000 0.100000
0 0.393638 0.502364 0.050000 0.100000
0 0.411496 0.518237 0.050000 0.100000
0 0.258718 0.751042 0.050000 0.100000
0 0.302369 0.796015 0.050000 0.100000
0 0.351972 0.803952 0.050000 0.100000
0 0.385702 0.790724 0.050000 0.100000
0 0.411496 0.748396 0.050000 0.100000
0 0.435305 0.743105 0.050000 0.100000
0 0.548400 0.587021 0.050000 0.100000
0 0.599988 0.579084 0.050000 0.100000
0 0.558321 0.526174 0.050000 0.100000
0 0.574194 0.494428 0.050000 0.100000
0 0.554353 0.475909 0.050000 0.100000
0 0.546416 0.216650 0.050000 0.100000
0 0.556337 0.121412 0.050000 0.100000
0 0.586099 0.121412 0.050000 0.100000
0 0.663480 0.145222 0.050000 0.100000
0 0.691257 0.131994 0.050000 0.100000
0 0.728956 0.208714 0.050000 0.100000
0 0.754750 0.198132 0.050000 0.100000
0 0.810305 0.272206 0.050000 0.100000
0 0.865861 0.274851 0.050000 0.100000
0 0.732924 0.274851 0.050000 0.100000
0 0.689273 0.282788 0.050000 0.100000
