0 0.493081 0.692691 0.050000 0.100000
0 0.444826 0.520207 0.050000 0.100000
0 0.394518 0.492828 0.050000 0.100000
0 0.403759 0.479139 0.050000 0.100000
0 0.515668 0.535265 0.050000 0.100000
0 0.545442 0.470925 0.050000 0.100000
0 0.452013 0.951721 0.050000 0.092392
0 0.820596 0.880234 0.050000 0.100000
0 0.899652 0.829584 0.050000 0.100000
0 0.598831 0.271062 0.050000 0.100000
0 0.657352 0.247790 0.050000 0.100000
0 0.692260 0.242315 0.050000 0.100000
0 0.751808 0.229994 0.050000 0.100000
0 0.804169 0.223150 0.050000 0.100000
0 0.716900 0.102684 0.050000 0.100000
0 0.710740 0.091733 0.050000 0.100000
0 0.551603 0.188927 0.050000 0.100000
0 0.454067 0.202616 0.050000 0.100000
0 0.436613 0.205354 0.050000 0.100000
0 0.421212 0.194402 0.050000 0.100000
0 0.391438 0.198509 0.050000 0.100000
0 0.273369 0.254635 0.050000 0.100000
0 0.284662 0.292965 0.050000 0.100000
0 0.322650 0.299810 0.050000 0.100000
0 0.195340 0.366887 0.050000 0.100000
0 0.215874 0.182082 0.050000 0.100000
0 0.205607 0.106791 0.050000 0.100000
0 0.268235 0.098578 0.050000 0.100000
0 0.286716 0.097209 0.050000 0.100000
0 0.364744 0.080782 0.050000 0.100000
