0 0.225676 0.059181 0.050000 0.100000
0 0.271659 0.090894 0.050000 0.100000
0 0.284344 0.095122 0.050000 0.100000
0 0.295443 0.086665 0.050000 0.100000
0 0.338255 0.088780 0.050000 0.100000
0 0.357282 0.084551 0.050000 0.100000
0 0.200306 0.133177 0.050000 0.100000
0 0.225676 0.133177 0.050000 0.100000
0 0.201891 0.283283 0.050000 0.100000
0 0.247874 0.283283 0.050000 0.100000
0 0.319227 0.281169 0.050000 0.100000
0 0.373139 0.287511 0.050000 0.100000
0 0.645866 0.281169 0.050000 0.100000
0 0.671236 0.255799 0.050000 0.100000
0 0.682335 0.746285 0.050000 0.100000
0 0.721976 0.843536 0.050000 0.100000
0 0.806014 0.746285 0.050000 0.100000
0 0.832969 0.858336 0.050000 0.100000
0 0.203477 0.744171 0.050000 0.100000
0 0.309714 0.739942 0.050000 0.100000
0 0.146394 0.615207 0.050000 0.100000
0 0.017515 0.594065 0.035031 0.100000
0 0.545972 0.465101 0.050000 0.100000
