0 0.322210 0.089666 0.050000 0.100000
0 0.207130 0.158449 0.050000 0.100000
0 0.197210 0.219296 0.050000 0.100000
0 0.244829 0.211359 0.050000 0.100000
0 0.268638 0.200777 0.050000 0.100000
0 0.441257 0.211359 0.050000 0.100000
0 0.457130 0.211359 0.050000 0.100000
0 0.433321 0.412417 0.050000 0.100000
0 0.544432 0.214005 0.050000 0.100000
0 0.635702 0.285433 0.050000 0.100000
0 0.732924 0.208714 0.050000 0.100000
0 0.778559 0.362153 0.050000 0.100000
0 0.703162 0.364798 0.050000 0.100000
0 0.760702 0.589666 0.050000 0.100000
0 0.705146 0.571147 0.050000 0.100000
0 0.582130 0.507655 0.050000 0.100000
0 0.548400 0.467973 0.050000 0.100000
0 0.550384 0.531465 0.050000 0.100000
0 0.389670 0.510301 0.050000 0.100000
0 0.407527 0.536756 0.050000 0.100000
0 0.433321 0.745751 0.050000 0.100000
0 0.395623 0.756333 0.050000 0.100000
0 0.373797 0.785433 0.050000 0.100000
0 0.344035 0.814534 0.050000 0.100000
0 0.302369 0.782788 0.050000 0.100000
0 0.294432 0.748396 0.050000 0.100000
0 0.105940 0.777497 0.050000 0.100000
0 0.780543 0.963236 0.050000 0.069362
0 0.871813 0.965881 0.050000 0.064071
