0 0.304353 0.084375 0.050000 0.100000
0 0.201178 0.048669 0.050000 0.097338
0 0.183321 0.216650 0.050000 0.100000
0 0.292448 0.240460 0.050000 0.100000
0 0.437289 0.206068 0.050000 0.100000
0 0.548400 0.208714 0.050000 0.100000
0 0.548400 0.087021 0.050000 0.100000
0 0.558321 0.457391 0.050000 0.100000
0 0.586099 0.489137 0.050000 0.100000
0 0.564273 0.515592 0.050000 0.100000
0 0.403559 0.473264 0.050000 0.100000
0 0.395623 0.510301 0.050000 0.100000
0 0.407527 0.552629 0.050000 0.100000
0 0.203162 0.399190 0.050000 0.100000
0 0.068242 0.457391 0.050000 0.100000
0 0.032527 0.512946 0.050000 0.100000
0 0.165464 0.518237 0.050000 0.100000
0 0.302369 0.756333 0.050000 0.100000
0 0.298400 0.798661 0.050000 0.100000
0 0.353956 0.798661 0.050000 0.100000
0 0.379750 0.785433 0.050000 0.100000
0 0.411496 0.743105 0.050000 0.100000
0 0.445226 0.748396 0.050000 0.100000
