0 0.200877 0.286710 0.050000 0.100000
0 0.240225 0.282871 0.050000 0.100000
0 0.271894 0.296947 0.050000 0.100000
0 0.303564 0.267516 0.050000 0.100000
0 0.320839 0.293108 0.050000 0.100000
0 0.238305 0.427465 0.050000 0.100000
0 0.108747 0.888118 0.050000 0.100000
0 0.164409 0.879161 0.050000 0.100000
0 0.364985 0.793428 0.050000 0.100000
0 0.409131 0.532392 0.050000 0.100000
0 0.398574 0.509359 0.050000 0.100000
0 0.416808 0.482488 0.050000 0.100000
0 0.500301 0.537510 0.050000 0.100000
0 0.542528 0.528553 0.050000 0.100000
0 0.556923 0.508079 0.050000 0.100000
0 0.547326 0.472251 0.050000 0.100000
0 0.745023 0.597651 0.050000 0.100000
0 0.831395 0.618124 0.050000 0.100000
0 0.758459 0.270076 0.050000 0.100000
0 0.602989 0.113966 0.050000 0.100000
0 0.552125 0.107568 0.050000 0.100000
0 0.448478 0.204816 0.050000 0.100000
0 0.281491 0.099890 0.050000 0.100000
0 0.281491 0.078137 0.050000 0.100000
0 0.267096 0.078137 0.050000 0.100000
0 0.244063 0.107568 0.050000 0.100000
0 0.221990 0.133159 0.050000 0.100000
0 0.200877 0.107568 0.050000 0.100000
0 0.207595 0.084535 0.050000 0.100000
0 0.217192 0.080696 0.050000 0.100000
0 0.202797 0.043595 0.050000 0.087190
0 0.185522 0.043595 0.050000 0.087190
0 0.314121 0.080696 0.050000 0.100000
0 0.352509 0.083255 0.050000 0.100000
0 0.363065 0.085815 0.050000 0.100000
