0 0.056599 0.474836 0.050000 0.100000
0 0.044020 0.541922 0.050000 0.100000
0 0.099052 0.573369 0.050000 0.100000
0 0.122637 0.390979 0.050000 0.100000
0 0.196536 0.378400 0.050000 0.100000
0 0.237416 0.359532 0.050000 0.100000
0 0.210687 0.468547 0.050000 0.100000
0 0.308171 0.502090 0.050000 0.100000
0 0.322322 0.416136 0.050000 0.100000
0 0.364775 0.386786 0.050000 0.100000
0 0.463832 0.621587 0.050000 0.100000
0 0.330184 0.814459 0.050000 0.100000
0 0.641505 0.292446 0.050000 0.100000
0 0.671379 0.246325 0.050000 0.100000
0 0.694964 0.250518 0.050000 0.100000
0 0.716976 0.231650 0.050000 0.100000
0 0.754712 0.305025 0.050000 0.100000
0 0.694964 0.317604 0.050000 0.100000
0 0.784586 0.319700 0.050000 0.100000
0 0.797165 0.231650 0.050000 0.100000
0 0.831756 0.300832 0.050000 0.100000
0 0.888360 0.277771 0.050000 0.100000
0 0.608486 0.097478 0.050000 0.100000
0 0.616347 0.091188 0.050000 0.100000
0 0.267291 0.128924 0.050000 0.100000
0 0.235844 0.131021 0.050000 0.100000
0 0.246850 0.177142 0.050000 0.100000
0 0.273580 0.089092 0.050000 0.100000
0 0.286159 0.095381 0.050000 0.100000
0 0.356913 0.080706 0.050000 0.100000
0 0.183957 0.053453 0.050000 0.100000
0 0.210687 0.061838 0.050000 0.100000
0 0.232699 0.059742 0.050000 0.100000
0 0.243706 0.089092 0.050000 0.100000
0 0.544020 0.466450 0.050000 0.100000
