0 0.186482 0.044875 0.050000 0.089749
0 0.202797 0.044875 0.050000 0.089749
0 0.183603 0.139557 0.050000 0.100000
0 0.205676 0.126761 0.050000 0.100000
0 0.227749 0.124202 0.050000 0.100000
0 0.269015 0.128041 0.050000 0.100000
0 0.267096 0.088374 0.050000 0.100000
0 0.297806 0.083255 0.050000 0.100000
0 0.308363 0.099890 0.050000 0.100000
0 0.334275 0.101170 0.050000 0.100000
0 0.332355 0.076857 0.050000 0.100000
0 0.353468 0.090933 0.050000 0.100000
0 0.367864 0.087094 0.050000 0.100000
0 0.393775 0.165149 0.050000 0.100000
0 0.444639 0.204816 0.050000 0.100000
0 0.193200 0.208655 0.050000 0.100000
0 0.291088 0.386518 0.050000 0.100000
0 0.069399 0.569500 0.050000 0.100000
0 0.014570 0.541349 0.029140 0.100000
0 0.015530 0.664189 0.031060 0.100000
0 0.469591 0.738406 0.050000 0.100000
0 0.455196 0.834375 0.050000 0.100000
0 0.475349 0.876601 0.050000 0.100000
0 0.625061 0.803665 0.050000 0.100000
0 0.537729 0.597651 0.050000 0.100000
0 0.507979 0.542628 0.050000 0.100000
0 0.413929 0.531112 0.050000 0.100000
0 0.386098 0.506800 0.050000 0.100000
0 0.415848 0.485047 0.050000 0.100000
0 0.545407 0.525994 0.050000 0.100000
0 0.559802 0.501681 0.050000 0.100000
0 0.545407 0.477369 0.050000 0.100000
0 0.798766 0.751202 0.050000 0.100000
0 0.919687 0.691061 0.050000 0.100000
0 0.982071 0.793428 0.032733 0.100000
0 0.620263 0.168988 0.050000 0.100000
0 0.753660 0.144676 0.050000 0.100000
0 0.759418 0.129321 0.050000 0.100000
0 0.769975 0.203537 0.050000 0.100000
0 0.798766 0.199698 0.050000 0.100000
