0 0.210300 0.199072 0.050000 0.100000
0 0.229994 0.190320 0.050000 0.100000
0 0.252969 0.177190 0.050000 0.100000
0 0.284151 0.199072 0.050000 0.100000
0 0.325179 0.199072 0.050000 0.100000
0 0.308768 0.091851 0.050000 0.100000
0 0.440059 0.205637 0.050000 0.100000
0 0.459753 0.205637 0.050000 0.100000
0 0.338309 0.310670 0.050000 0.100000
0 0.394107 0.507606 0.050000 0.100000
0 0.410519 0.542617 0.050000 0.100000
0 0.507346 0.538241 0.050000 0.100000
0 0.556580 0.476972 0.050000 0.100000
0 0.546733 0.218766 0.050000 0.100000
0 0.572991 0.185943 0.050000 0.100000
0 0.719053 0.352245 0.050000 0.100000
0 0.751875 0.439773 0.050000 0.100000
0 0.786339 0.371939 0.050000 0.100000
0 0.441700 0.641085 0.050000 0.100000
0 0.456471 0.728613 0.050000 0.100000
0 0.403954 0.768000 0.050000 0.100000
0 0.395748 0.794258 0.050000 0.100000
0 0.389184 0.866468 0.050000 0.100000
0 0.325179 0.824893 0.050000 0.100000
0 0.343232 0.783317 0.050000 0.100000
0 0.154501 0.781129 0.050000 0.100000
0 0.182401 0.748306 0.050000 0.100000
0 0.059315 0.649838 0.050000 0.100000
0 0.113473 0.617015 0.050000 0.100000
0 0.154501 0.522924 0.050000 0.100000
0 0.024105 0.474783 0.048210 0.100000
