0 0.219333 0.120492 0.050000 0.100000
0 0.262145 0.126834 0.050000 0.100000
0 0.187621 0.173346 0.050000 0.100000
0 0.220919 0.181803 0.050000 0.100000
0 0.263731 0.171232 0.050000 0.100000
0 0.271659 0.093008 0.050000 0.100000
0 0.282758 0.090894 0.050000 0.100000
0 0.336669 0.090894 0.050000 0.100000
0 0.354111 0.084551 0.050000 0.100000
0 0.336669 0.124720 0.050000 0.100000
0 0.200306 0.640577 0.050000 0.100000
0 0.193963 0.739942 0.050000 0.100000
0 0.290686 0.746285 0.050000 0.100000
0 0.515845 0.843536 0.050000 0.100000
0 0.671236 0.276940 0.050000 0.100000
0 0.710876 0.285397 0.050000 0.100000
0 0.552314 0.469329 0.050000 0.100000
0 0.439735 0.167004 0.050000 0.100000
