0 0.206419 0.075342 0.050000 0.100000
0 0.313937 0.101566 0.050000 0.100000
0 0.342783 0.078839 0.050000 0.100000
0 0.355895 0.084084 0.050000 0.100000
0 0.595842 0.330587 0.050000 0.100000
0 0.635178 0.309608 0.050000 0.100000
0 0.789898 0.318349 0.050000 0.100000
0 0.812189 0.355063 0.050000 0.100000
0 0.762363 0.503664 0.050000 0.100000
0 0.695493 0.514154 0.050000 0.100000
0 0.593220 0.498419 0.050000 0.100000
0 0.546017 0.472196 0.050000 0.100000
0 0.569619 0.514154 0.050000 0.100000
0 0.514549 0.540377 0.050000 0.100000
0 0.448989 0.549119 0.050000 0.100000
0 0.396542 0.503664 0.050000 0.100000
0 0.405720 0.524643 0.050000 0.100000
0 0.203797 0.753664 0.050000 0.100000
0 0.152661 0.753664 0.050000 0.100000
0 0.983941 0.737930 0.028994 0.100000
