0 0.088584 0.803180 0.050000 0.100000
0 0.266291 0.769531 0.050000 0.100000
0 0.305198 0.777943 0.050000 0.100000
0 0.372495 0.805984 0.050000 0.100000
0 0.391423 0.758315 0.050000 0.100000
0 0.404041 0.521371 0.050000 0.100000
0 0.394577 0.500341 0.050000 0.100000
0 0.416659 0.476506 0.050000 0.100000
0 0.506039 0.532587 0.050000 0.100000
0 0.553357 0.522773 0.050000 0.100000
0 0.564924 0.500341 0.050000 0.100000
0 0.537585 0.475104 0.050000 0.100000
0 0.632222 0.305458 0.050000 0.100000
0 0.672180 0.301252 0.050000 0.100000
0 0.760508 0.336303 0.050000 0.100000
0 0.806775 0.336303 0.050000 0.100000
0 0.878279 0.327891 0.050000 0.100000
0 0.736323 0.140018 0.050000 0.100000
0 0.764714 0.117586 0.050000 0.100000
0 0.765765 0.097957 0.050000 0.100000
0 0.222127 0.271809 0.050000 0.100000
0 0.197942 0.166657 0.050000 0.100000
0 0.201097 0.113380 0.050000 0.100000
0 0.202148 0.072721 0.050000 0.100000
0 0.281013 0.092349 0.050000 0.100000
0 0.314661 0.096555 0.050000 0.100000
0 0.329383 0.097957 0.050000 0.100000
0 0.366186 0.086741 0.050000 0.100000
0 0.555461 0.207316 0.050000 0.100000
0 0.394577 0.168059 0.050000 0.100000
