0 0.183957 0.118442 0.050000 0.100000
0 0.209115 0.084899 0.050000 0.100000
0 0.272008 0.089092 0.050000 0.100000
0 0.283014 0.089092 0.050000 0.100000
0 0.216976 0.214878 0.050000 0.100000
0 0.234272 0.237939 0.050000 0.100000
0 0.273580 0.233746 0.050000 0.100000
0 0.284586 0.263096 0.050000 0.100000
0 0.237416 0.275675 0.050000 0.100000
0 0.253140 0.269385 0.050000 0.100000
0 0.205970 0.273578 0.050000 0.100000
0 0.323894 0.231650 0.050000 0.100000
0 0.352196 0.235843 0.050000 0.100000
0 0.443391 0.200203 0.050000 0.100000
0 0.358486 0.422425 0.050000 0.100000
0 0.240561 0.592237 0.050000 0.100000
0 0.022718 0.661419 0.045435 0.100000
0 0.070750 0.678191 0.050000 0.100000
0 0.084901 0.734794 0.050000 0.100000
0 0.468549 0.621587 0.050000 0.100000
0 0.437102 0.625780 0.050000 0.100000
0 0.577039 0.099574 0.050000 0.100000
0 0.610058 0.091188 0.050000 0.100000
0 0.636788 0.139406 0.050000 0.100000
0 0.677668 0.135214 0.050000 0.100000
0 0.751567 0.124731 0.050000 0.100000
0 0.778297 0.110056 0.050000 0.100000
0 0.654083 0.198107 0.050000 0.100000
0 0.726410 0.225360 0.050000 0.100000
0 0.880498 0.279868 0.050000 0.100000
0 0.888360 0.271482 0.050000 0.100000
0 0.687102 0.370014 0.050000 0.100000
0 0.731127 0.361629 0.050000 0.100000
0 0.738989 0.485318 0.050000 0.100000
0 0.844335 0.579658 0.050000 0.100000
0 0.885215 0.617394 0.050000 0.100000
0 0.547165 0.468547 0.050000 0.100000
