0 0.062681 0.487606 0.050000 0.100000
0 0.036770 0.453057 0.050000 0.100000
0 0.073238 0.446659 0.050000 0.100000
0 0.119303 0.477369 0.050000 0.100000
0 0.253660 0.323818 0.050000 0.100000
0 0.325637 0.314861 0.050000 0.100000
0 0.323718 0.177945 0.050000 0.100000
0 0.446559 0.202257 0.050000 0.100000
0 0.232547 0.096051 0.050000 0.100000
0 0.254620 0.080696 0.050000 0.100000
0 0.277653 0.044875 0.050000 0.089749
0 0.290129 0.079417 0.050000 0.100000
0 0.271894 0.097331 0.050000 0.100000
0 0.314121 0.080696 0.050000 0.100000
0 0.341952 0.075578 0.050000 0.100000
0 0.364025 0.083255 0.050000 0.100000
0 0.390896 0.049353 0.050000 0.098706
0 0.310282 0.043595 0.050000 0.087190
0 0.566520 0.126761 0.050000 0.100000
0 0.592432 0.128041 0.050000 0.100000
0 0.660570 0.197139 0.050000 0.100000
0 0.674966 0.140837 0.050000 0.100000
0 0.547326 0.462014 0.050000 0.100000
0 0.556923 0.492724 0.050000 0.100000
0 0.549246 0.528553 0.050000 0.100000
0 0.505100 0.529832 0.050000 0.100000
0 0.411050 0.522155 0.050000 0.100000
0 0.399534 0.505520 0.050000 0.100000
0 0.421607 0.481208 0.050000 0.100000
0 0.832355 0.675706 0.050000 0.100000
0 0.445599 0.810063 0.050000 0.100000
0 0.469591 0.734567 0.050000 0.100000
0 0.759418 0.674426 0.050000 0.100000
0 0.716232 0.401873 0.050000 0.100000
