0 0.248728 0.210829 0.050000 0.100000
0 0.100884 0.442178 0.050000 0.100000
0 0.058789 0.447654 0.050000 0.100000
0 0.019821 0.502411 0.039642 0.100000
0 0.245648 0.487352 0.050000 0.100000
0 0.299036 0.529789 0.050000 0.100000
0 0.370904 0.499673 0.050000 0.100000
0 0.380145 0.476401 0.050000 0.100000
0 0.453040 0.522944 0.050000 0.100000
0 0.512588 0.540741 0.050000 0.100000
0 0.487948 0.621507 0.050000 0.100000
0 0.213820 0.763875 0.050000 0.100000
0 0.596777 0.949667 0.050000 0.096499
0 0.735381 0.963357 0.050000 0.069120
0 0.931479 0.832322 0.050000 0.100000
0 0.984799 0.825477 0.027276 0.100000
0 0.546469 0.469556 0.050000 0.100000
0 0.711767 0.149228 0.050000 0.100000
0 0.692260 0.097209 0.050000 0.100000
0 0.702527 0.093102 0.050000 0.100000
0 0.554683 0.186189 0.050000 0.100000
0 0.457147 0.198509 0.050000 0.100000
0 0.440720 0.224519 0.050000 0.100000
0 0.289796 0.095840 0.050000 0.100000
0 0.275422 0.098578 0.050000 0.100000
0 0.362691 0.083519 0.050000 0.100000
