0 0.187126 0.046910 0.050000 0.093821
0 0.237434 0.068461 0.050000 0.100000
0 0.276449 0.098578 0.050000 0.100000
0 0.295956 0.091733 0.050000 0.100000
0 0.270288 0.130063 0.050000 0.100000
0 0.247701 0.157441 0.050000 0.100000
0 0.219980 0.171131 0.050000 0.100000
0 0.225114 0.208092 0.050000 0.100000
0 0.213820 0.342246 0.050000 0.100000
0 0.256941 0.346353 0.050000 0.100000
0 0.440720 0.216305 0.050000 0.100000
0 0.458173 0.203985 0.050000 0.100000
0 0.332917 0.492828 0.050000 0.100000
0 0.401705 0.490090 0.050000 0.100000
0 0.453040 0.533896 0.050000 0.100000
0 0.502321 0.539372 0.050000 0.100000
0 0.498215 0.599604 0.050000 0.100000
0 0.472547 0.639303 0.050000 0.100000
0 0.287742 0.850118 0.050000 0.100000
0 0.664539 0.665313 0.050000 0.100000
0 0.690206 0.800836 0.050000 0.100000
0 0.712794 0.724177 0.050000 0.100000
0 0.723061 0.369625 0.050000 0.100000
0 0.723061 0.283383 0.050000 0.100000
0 0.746674 0.272431 0.050000 0.100000
0 0.780555 0.354567 0.050000 0.100000
0 0.756941 0.338140 0.050000 0.100000
0 0.554683 0.194402 0.050000 0.100000
