0 0.314273 0.094957 0.050000 0.100000
0 0.363876 0.089666 0.050000 0.100000
0 0.330146 0.174322 0.050000 0.100000
0 0.308321 0.208714 0.050000 0.100000
0 0.272607 0.214005 0.050000 0.100000
0 0.213083 0.290724 0.050000 0.100000
0 0.264670 0.415063 0.050000 0.100000
0 0.449194 0.200777 0.050000 0.100000
0 0.459115 0.206068 0.050000 0.100000
0 0.536496 0.214005 0.050000 0.100000
0 0.609908 0.113476 0.050000 0.100000
0 0.599988 0.174322 0.050000 0.100000
0 0.738876 0.248396 0.050000 0.100000
0 0.774591 0.108185 0.050000 0.100000
0 0.863876 0.224587 0.050000 0.100000
0 0.867845 0.671677 0.050000 0.100000
0 0.788480 0.676968 0.050000 0.100000
0 0.548400 0.460036 0.050000 0.100000
0 0.584115 0.497073 0.050000 0.100000
0 0.562289 0.507655 0.050000 0.100000
0 0.500781 0.534110 0.050000 0.100000
0 0.399591 0.505010 0.050000 0.100000
0 0.393638 0.523528 0.050000 0.100000
0 0.463083 0.735169 0.050000 0.100000
0 0.419432 0.737814 0.050000 0.100000
0 0.381734 0.801306 0.050000 0.100000
0 0.353956 0.814534 0.050000 0.100000
0 0.320226 0.774851 0.050000 0.100000
0 0.298400 0.782788 0.050000 0.100000
