0 0.428571 0.214390 0.050000 0.100000
0 0.443341 0.205637 0.050000 0.100000
0 0.336667 0.098416 0.050000 0.100000
0 0.346514 0.126862 0.050000 0.100000
0 0.313692 0.098416 0.050000 0.100000
0 0.243123 0.043573 0.050000 0.087147
0 0.216864 0.080910 0.050000 0.100000
0 0.225070 0.109357 0.050000 0.100000
0 0.244764 0.109357 0.050000 0.100000
0 0.664895 0.172814 0.050000 0.100000
0 0.548374 0.214390 0.050000 0.100000
0 0.566427 0.185943 0.050000 0.100000
0 0.425289 0.293164 0.050000 0.100000
0 0.385902 0.290976 0.050000 0.100000
0 0.351438 0.260341 0.050000 0.100000
0 0.200453 0.188131 0.050000 0.100000
0 0.243123 0.310670 0.050000 0.100000
0 0.208659 0.365374 0.050000 0.100000
0 0.157783 0.450713 0.050000 0.100000
0 0.105267 0.468219 0.050000 0.100000
0 0.020823 0.682661 0.041646 0.100000
0 0.069162 0.638897 0.050000 0.100000
0 0.098702 0.603886 0.050000 0.100000
0 0.195530 0.638897 0.050000 0.100000
0 0.213582 0.728613 0.050000 0.100000
0 0.215223 0.770188 0.050000 0.100000
0 0.315333 0.785506 0.050000 0.100000
0 0.346514 0.833646 0.050000 0.100000
0 0.380978 0.803011 0.050000 0.100000
0 0.423648 0.754871 0.050000 0.100000
0 0.484370 0.748306 0.050000 0.100000
0 0.438418 0.636709 0.050000 0.100000
0 0.392466 0.505418 0.050000 0.100000
0 0.412160 0.518547 0.050000 0.100000
0 0.508987 0.529488 0.050000 0.100000
0 0.548374 0.470407 0.050000 0.100000
0 0.911066 0.818328 0.050000 0.100000
0 0.835573 0.404762 0.050000 0.100000
0 0.745311 0.290976 0.050000 0.100000
0 0.794545 0.308481 0.050000 0.100000
0 0.643560 0.258153 0.050000 0.100000
0 0.692794 0.190320 0.050000 0.100000
0 0.707565 0.196884 0.050000 0.100000
0 0.743670 0.212201 0.050000 0.100000
