0 0.189206 0.071866 0.050000 0.100000
0 0.219333 0.073980 0.050000 0.100000
0 0.268487 0.093008 0.050000 0.100000
0 0.278001 0.095122 0.050000 0.100000
0 0.295443 0.088780 0.050000 0.100000
0 0.338255 0.090894 0.050000 0.100000
0 0.344597 0.084551 0.050000 0.100000
0 0.208234 0.152204 0.050000 0.100000
0 0.201891 0.226200 0.050000 0.100000
0 0.214576 0.211401 0.050000 0.100000
0 0.266902 0.228314 0.050000 0.100000
0 0.290686 0.221972 0.050000 0.100000
0 0.327155 0.154319 0.050000 0.100000
0 0.357282 0.167004 0.050000 0.100000
0 0.455591 0.190259 0.050000 0.100000
0 0.449248 0.205059 0.050000 0.100000
0 0.457177 0.215629 0.050000 0.100000
0 0.141637 0.336137 0.050000 0.100000
0 0.197134 0.344593 0.050000 0.100000
0 0.281172 0.340365 0.050000 0.100000
0 0.144809 0.517955 0.050000 0.100000
0 0.208234 0.509498 0.050000 0.100000
0 0.071870 0.636348 0.050000 0.100000
0 0.208234 0.646919 0.050000 0.100000
0 0.251046 0.858336 0.050000 0.100000
0 0.461933 0.710344 0.050000 0.100000
0 0.449248 0.627892 0.050000 0.100000
0 0.563413 0.460873 0.050000 0.100000
0 0.607811 0.594065 0.050000 0.100000
0 0.677578 0.600407 0.050000 0.100000
0 0.793329 0.625777 0.050000 0.100000
0 0.904322 0.777997 0.050000 0.100000
0 0.806014 0.388991 0.050000 0.100000
0 0.877367 0.382648 0.050000 0.100000
0 0.669650 0.141634 0.050000 0.100000
0 0.357282 0.097236 0.050000 0.100000
0 0.371553 0.095122 0.050000 0.100000
