0 0.150165 0.614662 0.050000 0.100000
0 0.247701 0.787147 0.050000 0.100000
0 0.358584 0.494197 0.050000 0.100000
0 0.442773 0.524313 0.050000 0.100000
0 0.318543 0.510624 0.050000 0.100000
0 0.490001 0.509255 0.050000 0.100000
0 0.509508 0.520207 0.050000 0.100000
0 0.558789 0.513362 0.050000 0.100000
0 0.567003 0.492828 0.050000 0.100000
0 0.569056 0.468187 0.050000 0.100000
0 0.687126 0.485983 0.050000 0.100000
0 0.819570 0.832322 0.050000 0.100000
0 0.830863 0.814526 0.050000 0.100000
0 0.318543 0.355936 0.050000 0.100000
0 0.366798 0.349091 0.050000 0.100000
0 0.244621 0.342246 0.050000 0.100000
0 0.397598 0.209461 0.050000 0.100000
0 0.449960 0.205354 0.050000 0.100000
0 0.558789 0.182082 0.050000 0.100000
0 0.629631 0.172500 0.050000 0.100000
0 0.669672 0.183451 0.050000 0.100000
0 0.651192 0.072568 0.050000 0.100000
0 0.721007 0.112267 0.050000 0.100000
0 0.731274 0.106791 0.050000 0.100000
0 0.735381 0.175237 0.050000 0.100000
0 0.761048 0.180713 0.050000 0.100000
0 0.790822 0.199878 0.050000 0.100000
0 0.828810 0.209461 0.050000 0.100000
0 0.745648 0.292965 0.050000 0.100000
0 0.276449 0.125956 0.050000 0.100000
0 0.268235 0.105422 0.050000 0.100000
0 0.278502 0.102684 0.050000 0.100000
0 0.290822 0.095840 0.050000 0.100000
0 0.312383 0.108160 0.050000 0.100000
0 0.313410 0.146490 0.050000 0.100000
0 0.390412 0.056141 0.050000 0.100000
0 0.189180 0.052034 0.050000 0.100000
0 0.187126 0.125956 0.050000 0.100000
