0 0.020848 0.654361 0.041695 0.100000
0 0.019307 0.591391 0.038615 0.100000
0 0.049549 0.485983 0.050000 0.100000
0 0.113204 0.495566 0.050000 0.100000
0 0.352424 0.813157 0.050000 0.100000
0 0.372958 0.483246 0.050000 0.100000
0 0.384251 0.476401 0.050000 0.100000
0 0.501295 0.533896 0.050000 0.100000
0 0.447907 0.531158 0.050000 0.100000
0 0.494108 0.581808 0.050000 0.100000
0 0.483841 0.611925 0.050000 0.100000
0 0.543389 0.466819 0.050000 0.100000
0 0.594724 0.390159 0.050000 0.100000
0 0.810330 0.344984 0.050000 0.100000
0 0.855504 0.350460 0.050000 0.100000
0 0.423266 0.250528 0.050000 0.100000
0 0.369878 0.245053 0.050000 0.100000
0 0.405812 0.183451 0.050000 0.100000
0 0.442773 0.209461 0.050000 0.100000
0 0.464334 0.197140 0.050000 0.100000
0 0.373985 0.098578 0.050000 0.100000
0 0.290822 0.095840 0.050000 0.100000
0 0.275422 0.097209 0.050000 0.100000
0 0.208687 0.136908 0.050000 0.100000
0 0.233327 0.173868 0.050000 0.100000
0 0.215874 0.056141 0.050000 0.100000
0 0.236408 0.057510 0.050000 0.100000
0 0.558789 0.184820 0.050000 0.100000
