0 0.281172 0.088780 0.050000 0.100000
0 0.292272 0.088780 0.050000 0.100000
0 0.341426 0.088780 0.050000 0.100000
0 0.358868 0.084551 0.050000 0.100000
0 0.192377 0.133177 0.050000 0.100000
0 0.233604 0.179689 0.050000 0.100000
0 0.278001 0.183917 0.050000 0.100000
0 0.338255 0.158547 0.050000 0.100000
0 0.374724 0.158547 0.050000 0.100000
0 0.431807 0.202944 0.050000 0.100000
0 0.452420 0.192374 0.050000 0.100000
0 0.284344 0.245228 0.050000 0.100000
0 0.274830 0.348822 0.050000 0.100000
0 0.216162 0.348822 0.050000 0.100000
0 0.541215 0.469329 0.050000 0.100000
0 0.382652 0.786454 0.050000 0.100000
0 0.450834 0.962323 0.050000 0.071188
0 0.631595 0.971836 0.050000 0.052160
0 0.777473 0.811824 0.050000 0.100000
0 0.826627 0.769541 0.050000 0.100000
0 0.620496 0.217744 0.050000 0.100000
0 0.580855 0.211401 0.050000 0.100000
0 0.641109 0.221972 0.050000 0.100000
0 0.809185 0.230429 0.050000 0.100000
0 0.842483 0.230429 0.050000 0.100000
