0 0.418762 0.221336 0.050000 0.100000
0 0.451360 0.201708 0.050000 0.100000
0 0.393526 0.173667 0.050000 0.100000
0 0.355671 0.172265 0.050000 0.100000
0 0.360928 0.292840 0.050000 0.100000
0 0.256828 0.292840 0.050000 0.100000
0 0.262085 0.276015 0.050000 0.100000
0 0.216870 0.218532 0.050000 0.100000
0 0.193736 0.291438 0.050000 0.100000
0 0.253673 0.172265 0.050000 0.100000
0 0.272600 0.163853 0.050000 0.100000
0 0.278910 0.125998 0.050000 0.100000
0 0.259982 0.124596 0.050000 0.100000
0 0.273652 0.067112 0.050000 0.100000
0 0.258931 0.075525 0.050000 0.100000
0 0.190581 0.110575 0.050000 0.100000
0 0.181118 0.045938 0.050000 0.091876
0 0.360928 0.123194 0.050000 0.100000
0 0.379856 0.276015 0.050000 0.100000
0 0.740529 0.168059 0.050000 0.100000
0 0.557564 0.201708 0.050000 0.100000
0 0.507090 0.524175 0.050000 0.100000
0 0.454514 0.521371 0.050000 0.100000
0 0.402989 0.524175 0.050000 0.100000
0 0.388268 0.497537 0.050000 0.100000
0 0.427175 0.794768 0.050000 0.100000
0 0.553357 0.515763 0.050000 0.100000
0 0.559667 0.486320 0.050000 0.100000
0 0.545997 0.472300 0.050000 0.100000
0 0.349362 0.804582 0.050000 0.100000
0 0.356722 0.776541 0.050000 0.100000
0 0.092790 0.831220 0.050000 0.100000
0 0.017885 0.855055 0.035771 0.100000
0 0.247364 0.665781 0.050000 0.100000
0 0.858300 0.827014 0.050000 0.100000
0 0.964504 0.846643 0.050000 0.100000
0 0.276806 0.095153 0.050000 0.100000
