0 0.354477 0.054772 0.050000 0.100000
0 0.356531 0.046910 0.050000 0.093821
0 0.341130 0.044857 0.050000 0.089714
0 0.366798 0.075306 0.050000 0.100000
0 0.387332 0.045541 0.050000 0.091083
0 0.274395 0.099947 0.050000 0.100000
0 0.287742 0.090364 0.050000 0.100000
0 0.225114 0.164286 0.050000 0.100000
0 0.241541 0.219043 0.050000 0.100000
0 0.267208 0.224519 0.050000 0.100000
0 0.249755 0.292965 0.050000 0.100000
0 0.197393 0.260111 0.050000 0.100000
0 0.437640 0.217674 0.050000 0.100000
0 0.452013 0.203985 0.050000 0.100000
0 0.553656 0.198509 0.050000 0.100000
0 0.713820 0.184820 0.050000 0.100000
0 0.734354 0.191665 0.050000 0.100000
0 0.712794 0.097209 0.050000 0.100000
0 0.739488 0.361411 0.050000 0.100000
0 0.547496 0.462712 0.050000 0.100000
0 0.506428 0.533896 0.050000 0.100000
0 0.447907 0.522944 0.050000 0.100000
0 0.392465 0.502411 0.050000 0.100000
0 0.375011 0.485983 0.050000 0.100000
0 0.238461 0.521576 0.050000 0.100000
0 0.475627 0.605080 0.050000 0.100000
0 0.531069 0.632459 0.050000 0.100000
0 0.974019 0.847380 0.048837 0.100000
