0 0.190792 0.048248 0.050000 0.096496
0 0.206648 0.045077 0.050000 0.090154
0 0.200306 0.120492 0.050000 0.100000
0 0.212991 0.141634 0.050000 0.100000
0 0.238361 0.133177 0.050000 0.100000
0 0.251046 0.107807 0.050000 0.100000
0 0.270073 0.097236 0.050000 0.100000
0 0.285929 0.090894 0.050000 0.100000
0 0.309714 0.090894 0.050000 0.100000
0 0.338255 0.090894 0.050000 0.100000
0 0.349354 0.139519 0.050000 0.100000
0 0.306542 0.154319 0.050000 0.100000
0 0.287515 0.158547 0.050000 0.100000
0 0.265316 0.133177 0.050000 0.100000
0 0.377895 0.133177 0.050000 0.100000
0 0.442906 0.207173 0.050000 0.100000
0 0.352525 0.302310 0.050000 0.100000
0 0.325570 0.317109 0.050000 0.100000
0 0.224090 0.304424 0.050000 0.100000
0 0.179692 0.401676 0.050000 0.100000
0 0.167007 0.310767 0.050000 0.100000
0 0.219333 0.213515 0.050000 0.100000
0 0.178107 0.496813 0.050000 0.100000
0 0.233604 0.501042 0.050000 0.100000
0 0.266902 0.746285 0.050000 0.100000
0 0.306542 0.758970 0.050000 0.100000
0 0.460348 0.530640 0.050000 0.100000
0 0.525358 0.547553 0.050000 0.100000
0 0.547557 0.462987 0.050000 0.100000
0 0.618910 0.503156 0.050000 0.100000
0 0.691849 0.334023 0.050000 0.100000
0 0.801257 0.295968 0.050000 0.100000
0 0.877367 0.306538 0.050000 0.100000
0 0.893223 0.272712 0.050000 0.100000
0 0.839312 0.452416 0.050000 0.100000
0 0.761616 0.467215 0.050000 0.100000
0 0.718805 0.952809 0.050000 0.090215
0 0.842483 0.961266 0.050000 0.073302
0 0.677578 0.095122 0.050000 0.100000
0 0.707705 0.135291 0.050000 0.100000
0 0.723561 0.097236 0.050000 0.100000
0 0.744174 0.103579 0.050000 0.100000
0 0.779058 0.114149 0.050000 0.100000
