0 0.203162 0.251042 0.050000 0.100000
0 0.262686 0.232523 0.050000 0.100000
0 0.308321 0.102894 0.050000 0.100000
0 0.355940 0.081729 0.050000 0.100000
0 0.377765 0.206068 0.050000 0.100000
0 0.361892 0.235169 0.050000 0.100000
0 0.322210 0.261624 0.050000 0.100000
0 0.300384 0.293370 0.050000 0.100000
0 0.455146 0.221941 0.050000 0.100000
0 0.159511 0.407126 0.050000 0.100000
0 0.217051 0.661095 0.050000 0.100000
0 0.014875 0.692841 0.029750 0.100000
0 0.290464 0.811888 0.050000 0.100000
0 0.326178 0.774851 0.050000 0.100000
0 0.361892 0.809243 0.050000 0.100000
0 0.367845 0.777497 0.050000 0.100000
0 0.439273 0.719296 0.050000 0.100000
0 0.459115 0.719296 0.050000 0.100000
0 0.909511 0.968527 0.050000 0.058780
0 0.391654 0.497073 0.050000 0.100000
0 0.405543 0.520883 0.050000 0.100000
0 0.506734 0.534110 0.050000 0.100000
0 0.568242 0.526174 0.050000 0.100000
0 0.588083 0.507655 0.050000 0.100000
0 0.550384 0.473264 0.050000 0.100000
0 0.534511 0.208714 0.050000 0.100000
0 0.768638 0.179613 0.050000 0.100000
0 0.780543 0.192841 0.050000 0.100000
0 0.814273 0.192841 0.050000 0.100000
0 0.857924 0.409772 0.050000 0.100000
0 0.808321 0.407126 0.050000 0.100000
0 0.728956 0.396544 0.050000 0.100000
0 0.689273 0.393899 0.050000 0.100000
