0 0.268235 0.099947 0.050000 0.100000
0 0.292876 0.098578 0.050000 0.100000
0 0.295956 0.048964 0.050000 0.097927
0 0.410946 0.056141 0.050000 0.100000
0 0.377065 0.046910 0.050000 0.093821
0 0.298009 0.247790 0.050000 0.100000
0 0.269262 0.198509 0.050000 0.100000
0 0.210740 0.149228 0.050000 0.100000
0 0.187126 0.157441 0.050000 0.100000
0 0.325730 0.186189 0.050000 0.100000
0 0.339077 0.191665 0.050000 0.100000
0 0.442773 0.206723 0.050000 0.100000
0 0.205607 0.355936 0.050000 0.100000
0 0.141952 0.373732 0.050000 0.100000
0 0.215874 0.262849 0.050000 0.100000
0 0.016227 0.692691 0.032455 0.100000
0 0.017254 0.810419 0.034508 0.100000
0 0.082403 0.703643 0.050000 0.100000
0 0.388358 0.815895 0.050000 0.100000
0 0.389385 0.511993 0.050000 0.100000
0 0.410946 0.514731 0.050000 0.100000
0 0.442773 0.524313 0.050000 0.100000
0 0.508481 0.533896 0.050000 0.100000
0 0.484867 0.524313 0.050000 0.100000
0 0.540309 0.524313 0.050000 0.100000
0 0.569056 0.496935 0.050000 0.100000
0 0.553656 0.476401 0.050000 0.100000
0 0.698420 0.410693 0.050000 0.100000
0 0.764128 0.405217 0.050000 0.100000
0 0.754888 0.101315 0.050000 0.100000
0 0.744621 0.104053 0.050000 0.100000
0 0.653245 0.076675 0.050000 0.100000
0 0.550576 0.187558 0.050000 0.100000
0 0.384251 0.048279 0.050000 0.096558
