0 0.448265 0.214390 0.050000 0.100000
0 0.338309 0.299729 0.050000 0.100000
0 0.543451 0.218766 0.050000 0.100000
0 0.543451 0.111545 0.050000 0.100000
0 0.563144 0.107169 0.050000 0.100000
0 0.733823 0.205637 0.050000 0.100000
0 0.765004 0.203449 0.050000 0.100000
0 0.546733 0.472595 0.050000 0.100000
0 0.513910 0.529488 0.050000 0.100000
0 0.395748 0.516359 0.050000 0.100000
0 0.448265 0.579816 0.050000 0.100000
0 0.399031 0.536053 0.050000 0.100000
0 0.440059 0.641085 0.050000 0.100000
0 0.499140 0.726425 0.050000 0.100000
0 0.902860 0.601698 0.050000 0.100000
0 0.807674 0.781129 0.050000 0.100000
0 0.681306 0.796446 0.050000 0.100000
0 0.566427 0.813952 0.050000 0.100000
0 0.517193 0.844587 0.050000 0.100000
0 0.430212 0.848963 0.050000 0.100000
0 0.392466 0.796446 0.050000 0.100000
0 0.239840 0.768000 0.050000 0.100000
0 0.175836 0.774565 0.050000 0.100000
0 0.131525 0.739554 0.050000 0.100000
0 0.113473 0.592945 0.050000 0.100000
0 0.065880 0.636709 0.050000 0.100000
0 0.047827 0.638897 0.050000 0.100000
0 0.106908 0.538241 0.050000 0.100000
