0 0.019369 0.561822 0.038737 0.100000
0 0.091472 0.400594 0.050000 0.100000
0 0.139457 0.394196 0.050000 0.100000
0 0.234466 0.357088 0.050000 0.100000
0 0.328516 0.362206 0.050000 0.100000
0 0.395695 0.508079 0.050000 0.100000
0 0.417768 0.485047 0.050000 0.100000
0 0.407211 0.522155 0.050000 0.100000
0 0.505100 0.542628 0.050000 0.100000
0 0.551165 0.527273 0.050000 0.100000
0 0.556923 0.492724 0.050000 0.100000
0 0.545407 0.472251 0.050000 0.100000
0 0.447518 0.725610 0.050000 0.100000
0 0.436002 0.816461 0.050000 0.100000
0 0.742144 0.929065 0.050000 0.100000
0 0.872662 0.926506 0.050000 0.100000
0 0.757499 0.591253 0.050000 0.100000
0 0.818919 0.592532 0.050000 0.100000
0 0.681683 0.476090 0.050000 0.100000
0 0.373622 0.194580 0.050000 0.100000
0 0.448478 0.209935 0.050000 0.100000
0 0.626981 0.188182 0.050000 0.100000
0 0.660570 0.117804 0.050000 0.100000
0 0.376501 0.105008 0.050000 0.100000
0 0.351549 0.099890 0.050000 0.100000
0 0.346751 0.079417 0.050000 0.100000
0 0.369783 0.085815 0.050000 0.100000
0 0.317000 0.076857 0.050000 0.100000
0 0.286290 0.088374 0.050000 0.100000
0 0.261338 0.089653 0.050000 0.100000
0 0.233507 0.089653 0.050000 0.100000
0 0.224870 0.079417 0.050000 0.100000
0 0.299726 0.045514 0.050000 0.091029
0 0.419687 0.049993 0.050000 0.099986
0 0.578996 0.122923 0.050000 0.100000
