0 0.254880 0.303035 0.050000 0.100000
0 0.459315 0.564044 0.050000 0.100000
0 0.406278 0.530614 0.050000 0.100000
0 0.393742 0.504899 0.050000 0.100000
0 0.507531 0.529328 0.050000 0.100000
0 0.548997 0.468898 0.050000 0.100000
0 0.595285 0.501042 0.050000 0.100000
0 0.744754 0.508756 0.050000 0.100000
0 0.786220 0.551186 0.050000 0.100000
0 0.785256 0.435468 0.050000 0.100000
0 0.823829 0.416181 0.050000 0.100000
0 0.919296 0.511328 0.050000 0.100000
0 0.974814 0.868769 0.047246 0.100000
0 0.658930 0.830196 0.050000 0.100000
0 0.367705 0.805767 0.050000 0.100000
0 0.315632 0.756908 0.050000 0.100000
0 0.277059 0.781337 0.050000 0.100000
0 0.440993 0.650190 0.050000 0.100000
0 0.331061 0.146172 0.050000 0.100000
0 0.366741 0.137172 0.050000 0.100000
0 0.451601 0.207888 0.050000 0.100000
0 0.217271 0.146172 0.050000 0.100000
0 0.190270 0.046013 0.050000 0.092025
0 0.284774 0.096027 0.050000 0.100000
0 0.309846 0.094741 0.050000 0.100000
0 0.339740 0.099884 0.050000 0.100000
