0 0.021811 0.516471 0.043621 0.100000
0 0.113125 0.547329 0.050000 0.100000
0 0.140126 0.705478 0.050000 0.100000
0 0.195092 0.552472 0.050000 0.100000
0 0.233665 0.485613 0.050000 0.100000
0 0.296345 0.479184 0.050000 0.100000
0 0.388920 0.508756 0.050000 0.100000
0 0.411099 0.517757 0.050000 0.100000
0 0.413028 0.475326 0.050000 0.100000
0 0.503674 0.531900 0.050000 0.100000
0 0.602999 0.484327 0.050000 0.100000
0 0.546104 0.468898 0.050000 0.100000
0 0.749576 0.852054 0.050000 0.100000
0 0.904831 0.879055 0.050000 0.100000
0 0.981565 0.852054 0.033746 0.100000
0 0.327204 0.771051 0.050000 0.100000
0 0.440029 0.647618 0.050000 0.100000
0 0.448708 0.205317 0.050000 0.100000
0 0.353240 0.155172 0.050000 0.100000
0 0.311774 0.152601 0.050000 0.100000
0 0.308882 0.098599 0.050000 0.100000
0 0.283809 0.092170 0.050000 0.100000
0 0.200878 0.044084 0.050000 0.088168
0 0.344561 0.099884 0.050000 0.100000
0 0.422671 0.049227 0.050000 0.098454
