0 0.020002 0.957521 0.040004 0.080792
0 0.239840 0.783317 0.050000 0.100000
0 0.339950 0.792070 0.050000 0.100000
0 0.382619 0.792070 0.050000 0.100000
0 0.402313 0.792070 0.050000 0.100000
0 0.461394 0.693602 0.050000 0.100000
0 0.489293 0.717672 0.050000 0.100000
0 0.279228 0.520735 0.050000 0.100000
0 0.394107 0.514171 0.050000 0.100000
0 0.517193 0.540429 0.050000 0.100000
0 0.415442 0.531676 0.050000 0.100000
0 0.571350 0.533864 0.050000 0.100000
0 0.574632 0.503230 0.050000 0.100000
0 0.554939 0.470407 0.050000 0.100000
0 0.705923 0.450713 0.050000 0.100000
0 0.776492 0.409138 0.050000 0.100000
0 0.835573 0.466031 0.050000 0.100000
0 0.756799 0.183755 0.050000 0.100000
0 0.794545 0.181567 0.050000 0.100000
0 0.550015 0.220954 0.050000 0.100000
0 0.556580 0.063405 0.050000 0.100000
0 0.574632 0.094039 0.050000 0.100000
0 0.464676 0.212201 0.050000 0.100000
0 0.436777 0.168438 0.050000 0.100000
0 0.310409 0.094039 0.050000 0.100000
0 0.211941 0.069969 0.050000 0.100000
0 0.207018 0.142180 0.050000 0.100000
0 0.228352 0.135615 0.050000 0.100000
0 0.246405 0.262530 0.050000 0.100000
