0 0.146876 0.450897 0.050000 0.100000
0 0.184484 0.430325 0.050000 0.100000
0 0.292488 0.751765 0.050000 0.100000
0 0.326239 0.776194 0.050000 0.100000
0 0.366741 0.782623 0.050000 0.100000
0 0.566355 0.962988 0.050000 0.069858
0 0.753433 0.959130 0.050000 0.077573
0 0.454494 0.642475 0.050000 0.100000
0 0.434243 0.587188 0.050000 0.100000
0 0.405314 0.530614 0.050000 0.100000
0 0.393742 0.499756 0.050000 0.100000
0 0.510424 0.530614 0.050000 0.100000
0 0.547069 0.466326 0.050000 0.100000
0 0.594320 0.510042 0.050000 0.100000
0 0.657001 0.312035 0.050000 0.100000
0 0.664716 0.346750 0.050000 0.100000
0 0.626143 0.153886 0.050000 0.100000
0 0.595285 0.155172 0.050000 0.100000
0 0.735111 0.233604 0.050000 0.100000
0 0.782363 0.242604 0.050000 0.100000
0 0.816114 0.254176 0.050000 0.100000
0 0.783327 0.278605 0.050000 0.100000
0 0.823829 0.421325 0.050000 0.100000
0 0.886509 0.399467 0.050000 0.100000
0 0.215342 0.272176 0.050000 0.100000
0 0.219200 0.231032 0.050000 0.100000
0 0.250058 0.246461 0.050000 0.100000
0 0.275130 0.233604 0.050000 0.100000
0 0.286702 0.202745 0.050000 0.100000
0 0.324311 0.179602 0.050000 0.100000
0 0.351312 0.179602 0.050000 0.100000
0 0.374455 0.170601 0.050000 0.100000
0 0.448708 0.205317 0.050000 0.100000
0 0.337811 0.097313 0.050000 0.100000
0 0.308882 0.089598 0.050000 0.100000
0 0.285738 0.088313 0.050000 0.100000
0 0.267416 0.054883 0.050000 0.100000
0 0.244272 0.129457 0.050000 0.100000
0 0.215342 0.115314 0.050000 0.100000
0 0.183520 0.126885 0.050000 0.100000
0 0.188342 0.047298 0.050000 0.094597
