0 0.506567 0.540900 0.050000 0.100000
0 0.549962 0.471469 0.050000 0.100000
0 0.594320 0.503613 0.050000 0.100000
0 0.391813 0.506185 0.050000 0.100000
0 0.399528 0.531900 0.050000 0.100000
0 0.442922 0.641190 0.050000 0.100000
0 0.368669 0.795481 0.050000 0.100000
0 0.317560 0.773623 0.050000 0.100000
0 0.246201 0.777480 0.050000 0.100000
0 0.048515 0.528043 0.050000 0.100000
0 0.305024 0.295320 0.050000 0.100000
0 0.347454 0.276034 0.050000 0.100000
0 0.448708 0.206603 0.050000 0.100000
0 0.305989 0.094741 0.050000 0.100000
0 0.281881 0.096027 0.050000 0.100000
0 0.256808 0.116599 0.050000 0.100000
0 0.340704 0.097313 0.050000 0.100000
0 0.653144 0.423896 0.050000 0.100000
0 0.716789 0.420039 0.050000 0.100000
0 0.830579 0.396895 0.050000 0.100000
0 0.879759 0.492041 0.050000 0.100000
0 0.812257 0.274748 0.050000 0.100000
0 0.786220 0.268319 0.050000 0.100000
0 0.747647 0.295320 0.050000 0.100000
0 0.430386 0.060026 0.050000 0.100000
