0 0.397614 0.504241 0.050000 0.100000
0 0.409131 0.523435 0.050000 0.100000
0 0.414889 0.483767 0.050000 0.100000
0 0.510858 0.537510 0.050000 0.100000
0 0.554044 0.518316 0.050000 0.100000
0 0.580916 0.499122 0.050000 0.100000
0 0.541568 0.467133 0.050000 0.100000
0 0.661530 0.726889 0.050000 0.100000
0 0.315081 0.753761 0.050000 0.100000
0 0.204716 0.753761 0.050000 0.100000
0 0.238305 0.367324 0.050000 0.100000
0 0.180724 0.354529 0.050000 0.100000
0 0.186482 0.300786 0.050000 0.100000
0 0.255580 0.125482 0.050000 0.100000
0 0.256539 0.172827 0.050000 0.100000
0 0.297806 0.115245 0.050000 0.100000
0 0.345791 0.102449 0.050000 0.100000
0 0.355388 0.092212 0.050000 0.100000
0 0.314121 0.099890 0.050000 0.100000
0 0.270935 0.045514 0.050000 0.091029
0 0.258459 0.044875 0.050000 0.089749
0 0.672086 0.110127 0.050000 0.100000
0 0.737346 0.280312 0.050000 0.100000
0 0.445599 0.207376 0.050000 0.100000
