0 0.214576 0.114149 0.050000 0.100000
0 0.254217 0.105693 0.050000 0.100000
0 0.276415 0.101464 0.050000 0.100000
0 0.284344 0.095122 0.050000 0.100000
0 0.295443 0.095122 0.050000 0.100000
0 0.336669 0.088780 0.050000 0.100000
0 0.343012 0.080323 0.050000 0.100000
0 0.290686 0.150090 0.050000 0.100000
0 0.251046 0.158547 0.050000 0.100000
0 0.209819 0.211401 0.050000 0.100000
0 0.220919 0.245228 0.050000 0.100000
0 0.249460 0.228314 0.050000 0.100000
0 0.284344 0.236771 0.050000 0.100000
0 0.328741 0.217744 0.050000 0.100000
0 0.457177 0.186031 0.050000 0.100000
0 0.590369 0.116264 0.050000 0.100000
0 0.618910 0.133177 0.050000 0.100000
0 0.714048 0.365735 0.050000 0.100000
0 0.547557 0.465101 0.050000 0.100000
0 0.255802 0.498928 0.050000 0.100000
0 0.227261 0.505270 0.050000 0.100000
0 0.033815 0.511612 0.050000 0.100000
0 0.017515 0.498928 0.035031 0.100000
0 0.252631 0.372078 0.050000 0.100000
0 0.403265 0.786454 0.050000 0.100000
0 0.576098 0.731486 0.050000 0.100000
0 0.747346 0.805481 0.050000 0.100000
0 0.761616 0.710344 0.050000 0.100000
0 0.845654 0.689202 0.050000 0.100000
0 0.217311 0.481005 0.050000 0.100000
