0 0.350347 0.209174 0.050000 0.100000
0 0.278988 0.189888 0.050000 0.100000
0 0.259701 0.187316 0.050000 0.100000
0 0.222093 0.206603 0.050000 0.100000
0 0.159412 0.360894 0.050000 0.100000
0 0.076480 0.583330 0.050000 0.100000
0 0.020364 0.646333 0.040728 0.100000
0 0.305989 0.790338 0.050000 0.100000
0 0.332025 0.767194 0.050000 0.100000
0 0.372527 0.787766 0.050000 0.100000
0 0.447744 0.641190 0.050000 0.100000
0 0.407242 0.528043 0.050000 0.100000
0 0.389884 0.498470 0.050000 0.100000
0 0.501746 0.534471 0.050000 0.100000
0 0.545140 0.467612 0.050000 0.100000
0 0.645429 0.349322 0.050000 0.100000
0 0.717753 0.349322 0.050000 0.100000
0 0.689788 0.119171 0.050000 0.100000
0 0.721611 0.111456 0.050000 0.100000
0 0.445815 0.213031 0.050000 0.100000
0 0.283809 0.096027 0.050000 0.100000
0 0.269344 0.075455 0.050000 0.100000
0 0.253915 0.046013 0.050000 0.092025
0 0.196056 0.107599 0.050000 0.100000
0 0.305989 0.101170 0.050000 0.100000
0 0.341668 0.101170 0.050000 0.100000
0 0.340704 0.044084 0.050000 0.088168
0 0.358062 0.044084 0.050000 0.088168
0 0.243308 0.044727 0.050000 0.089454
0 0.323346 0.045370 0.050000 0.090740
