0 0.186035 0.124720 0.050000 0.100000
0 0.211405 0.169118 0.050000 0.100000
0 0.241532 0.164889 0.050000 0.100000
0 0.271659 0.090894 0.050000 0.100000
0 0.287515 0.090894 0.050000 0.100000
0 0.297029 0.090894 0.050000 0.100000
0 0.335084 0.086665 0.050000 0.100000
0 0.354111 0.080323 0.050000 0.100000
0 0.373139 0.173346 0.050000 0.100000
0 0.335084 0.171232 0.050000 0.100000
0 0.427050 0.207173 0.050000 0.100000
0 0.463519 0.190259 0.050000 0.100000
0 0.282758 0.221972 0.050000 0.100000
0 0.295443 0.306538 0.050000 0.100000
0 0.220919 0.298082 0.050000 0.100000
0 0.547557 0.465101 0.050000 0.100000
0 0.317642 0.784340 0.050000 0.100000
0 0.539629 0.847765 0.050000 0.100000
0 0.704534 0.892162 0.050000 0.100000
0 0.641109 0.964437 0.050000 0.066960
0 0.745760 0.695545 0.050000 0.100000
0 0.785401 0.682860 0.050000 0.100000
0 0.820284 0.245228 0.050000 0.100000
0 0.859925 0.257913 0.050000 0.100000
0 0.599883 0.202944 0.050000 0.100000
0 0.617325 0.186031 0.050000 0.100000
0 0.641109 0.202944 0.050000 0.100000
