0 0.225676 0.082437 0.050000 0.100000
0 0.274830 0.093008 0.050000 0.100000
0 0.282758 0.095122 0.050000 0.100000
0 0.290686 0.090894 0.050000 0.100000
0 0.349354 0.090894 0.050000 0.100000
0 0.295443 0.143748 0.050000 0.100000
0 0.327155 0.133177 0.050000 0.100000
0 0.251046 0.226200 0.050000 0.100000
0 0.295443 0.260027 0.050000 0.100000
0 0.460348 0.196602 0.050000 0.100000
0 0.625253 0.080323 0.050000 0.100000
0 0.547557 0.462987 0.050000 0.100000
0 0.709291 0.501042 0.050000 0.100000
0 0.796500 0.515841 0.050000 0.100000
0 0.763202 0.638462 0.050000 0.100000
0 0.709291 0.646919 0.050000 0.100000
0 0.212991 0.769541 0.050000 0.100000
