0 0.409171 0.525471 0.050000 0.100000
0 0.391813 0.502327 0.050000 0.100000
0 0.186413 0.655333 0.050000 0.100000
0 0.035979 0.657904 0.050000 0.100000
0 0.054301 0.583330 0.050000 0.100000
0 0.027300 0.521614 0.050000 0.100000
0 0.132411 0.431611 0.050000 0.100000
0 0.171948 0.490756 0.050000 0.100000
0 0.276095 0.801910 0.050000 0.100000
0 0.318525 0.778766 0.050000 0.100000
0 0.370598 0.792909 0.050000 0.100000
0 0.507531 0.535757 0.050000 0.100000
0 0.548033 0.466326 0.050000 0.100000
0 0.681109 0.407181 0.050000 0.100000
0 0.733182 0.423896 0.050000 0.100000
0 0.747647 0.387895 0.050000 0.100000
0 0.795863 0.402038 0.050000 0.100000
0 0.844079 0.398181 0.050000 0.100000
0 0.897117 0.358322 0.050000 0.100000
0 0.845044 0.503613 0.050000 0.100000
0 0.809364 0.522900 0.050000 0.100000
0 0.715825 0.152601 0.050000 0.100000
0 0.709074 0.098599 0.050000 0.100000
0 0.702324 0.099884 0.050000 0.100000
0 0.642536 0.169316 0.050000 0.100000
0 0.621321 0.187316 0.050000 0.100000
0 0.341668 0.188602 0.050000 0.100000
0 0.330097 0.184745 0.050000 0.100000
0 0.303096 0.195031 0.050000 0.100000
0 0.285738 0.110171 0.050000 0.100000
0 0.211485 0.157744 0.050000 0.100000
0 0.221128 0.047298 0.050000 0.094597
0 0.306953 0.088313 0.050000 0.100000
0 0.347454 0.098599 0.050000 0.100000
0 0.440993 0.207888 0.050000 0.100000
