0 0.225508 0.048745 0.050000 0.097490
0 0.266492 0.107599 0.050000 0.100000
0 0.291082 0.096670 0.050000 0.100000
0 0.306109 0.094849 0.050000 0.100000
0 0.379880 0.094849 0.050000 0.100000
0 0.612120 0.144029 0.050000 0.100000
0 0.707748 0.162244 0.050000 0.100000
0 0.735071 0.189566 0.050000 0.100000
0 0.547912 0.466433 0.050000 0.100000
0 0.577967 0.490113 0.050000 0.100000
0 0.558841 0.513792 0.050000 0.100000
0 0.771956 0.380823 0.050000 0.100000
0 0.859388 0.413610 0.050000 0.100000
0 0.788350 0.541115 0.050000 0.100000
0 0.310207 0.759694 0.050000 0.100000
0 0.323869 0.929093 0.050000 0.100000
0 0.362120 0.774266 0.050000 0.100000
0 0.409934 0.759694 0.050000 0.100000
0 0.439989 0.772444 0.050000 0.100000
0 0.442721 0.706870 0.050000 0.100000
0 0.390809 0.502863 0.050000 0.100000
0 0.400371 0.524721 0.050000 0.100000
0 0.255563 0.379002 0.050000 0.100000
0 0.184524 0.338929 0.050000 0.100000
0 0.246000 0.255140 0.050000 0.100000
0 0.288350 0.244211 0.050000 0.100000
0 0.363486 0.238747 0.050000 0.100000
0 0.408568 0.251497 0.050000 0.100000
0 0.382612 0.204138 0.050000 0.100000
0 0.420863 0.204138 0.050000 0.100000
0 0.446820 0.213246 0.050000 0.100000
0 0.457748 0.213246 0.050000 0.100000
