0 0.210687 0.063935 0.050000 0.100000
0 0.224838 0.055549 0.050000 0.100000
0 0.253140 0.093285 0.050000 0.100000
0 0.272008 0.089092 0.050000 0.100000
0 0.284586 0.089092 0.050000 0.100000
0 0.224838 0.126828 0.050000 0.100000
0 0.264146 0.124731 0.050000 0.100000
0 0.308171 0.193914 0.050000 0.100000
0 0.355341 0.082803 0.050000 0.100000
0 0.369492 0.351146 0.050000 0.100000
0 0.325467 0.380497 0.050000 0.100000
0 0.306599 0.451775 0.050000 0.100000
0 0.254712 0.328086 0.050000 0.100000
0 0.199681 0.340664 0.050000 0.100000
0 0.212259 0.414040 0.050000 0.100000
0 0.089618 0.428715 0.050000 0.100000
0 0.121064 0.447583 0.050000 0.100000
0 0.018001 0.516765 0.036001 0.100000
0 0.016428 0.634165 0.032857 0.100000
0 0.094335 0.958756 0.050000 0.078322
0 0.158800 0.951418 0.050000 0.092997
0 0.454398 0.625780 0.050000 0.100000
0 0.429240 0.803977 0.050000 0.100000
0 0.663517 0.216975 0.050000 0.100000
0 0.693391 0.231650 0.050000 0.100000
0 0.740561 0.246325 0.050000 0.100000
0 0.797165 0.246325 0.050000 0.100000
0 0.866347 0.237939 0.050000 0.100000
0 0.885215 0.279868 0.050000 0.100000
0 0.893077 0.281964 0.050000 0.100000
0 0.849052 0.338568 0.050000 0.100000
0 0.797165 0.355339 0.050000 0.100000
0 0.773580 0.336471 0.050000 0.100000
0 0.657228 0.328086 0.050000 0.100000
0 0.718549 0.344857 0.050000 0.100000
0 0.551882 0.468547 0.050000 0.100000
