0 0.313703 0.166744 0.050000 0.100000
0 0.219200 0.237461 0.050000 0.100000
0 0.234629 0.281177 0.050000 0.100000
0 0.233665 0.440611 0.050000 0.100000
0 0.262594 0.426468 0.050000 0.100000
0 0.260666 0.783909 0.050000 0.100000
0 0.316596 0.765908 0.050000 0.100000
0 0.365776 0.799338 0.050000 0.100000
0 0.022293 0.642475 0.044585 0.100000
0 0.440029 0.636046 0.050000 0.100000
0 0.438100 0.580759 0.050000 0.100000
0 0.404349 0.519042 0.050000 0.100000
0 0.392777 0.498470 0.050000 0.100000
0 0.497888 0.525471 0.050000 0.100000
0 0.545140 0.468898 0.050000 0.100000
0 0.607821 0.522900 0.050000 0.100000
0 0.593356 0.276034 0.050000 0.100000
0 0.661823 0.306892 0.050000 0.100000
0 0.690752 0.309463 0.050000 0.100000
0 0.785256 0.282462 0.050000 0.100000
0 0.754397 0.223317 0.050000 0.100000
0 0.748612 0.201460 0.050000 0.100000
0 0.824793 0.209174 0.050000 0.100000
0 0.819971 0.360894 0.050000 0.100000
0 0.705217 0.115314 0.050000 0.100000
0 0.443886 0.210460 0.050000 0.100000
0 0.286702 0.092170 0.050000 0.100000
0 0.309846 0.096027 0.050000 0.100000
0 0.341668 0.102456 0.050000 0.100000
