0 0.744063 0.112686 0.050000 0.100000
0 0.250781 0.328937 0.050000 0.100000
0 0.240225 0.262398 0.050000 0.100000
0 0.227749 0.220172 0.050000 0.100000
0 0.197998 0.227849 0.050000 0.100000
0 0.283411 0.276474 0.050000 0.100000
0 0.310282 0.222731 0.050000 0.100000
0 0.345791 0.259839 0.050000 0.100000
0 0.359227 0.226569 0.050000 0.100000
0 0.329476 0.185623 0.050000 0.100000
0 0.357307 0.172827 0.050000 0.100000
0 0.446559 0.212494 0.050000 0.100000
0 0.317960 0.129321 0.050000 0.100000
0 0.269015 0.134439 0.050000 0.100000
0 0.301645 0.097331 0.050000 0.100000
0 0.340992 0.096051 0.050000 0.100000
0 0.247902 0.081976 0.050000 0.100000
0 0.212394 0.075578 0.050000 0.100000
0 0.216232 0.055104 0.050000 0.100000
0 0.218152 0.047434 0.050000 0.094868
0 0.192240 0.051266 0.050000 0.100000
0 0.110666 0.550306 0.050000 0.100000
0 0.305484 0.752481 0.050000 0.100000
0 0.404332 0.528553 0.050000 0.100000
0 0.392816 0.502961 0.050000 0.100000
0 0.416808 0.481208 0.050000 0.100000
0 0.507019 0.537510 0.050000 0.100000
0 0.439841 0.538790 0.050000 0.100000
0 0.557883 0.518316 0.050000 0.100000
0 0.563641 0.494004 0.050000 0.100000
0 0.545407 0.468412 0.050000 0.100000
0 0.190321 0.119084 0.050000 0.100000
0 0.200877 0.121643 0.050000 0.100000
0 0.363065 0.080696 0.050000 0.100000
