0 0.227879 0.237461 0.050000 0.100000
0 0.276095 0.234889 0.050000 0.100000
0 0.311774 0.228461 0.050000 0.100000
0 0.191234 0.084455 0.050000 0.100000
0 0.284774 0.101170 0.050000 0.100000
0 0.308882 0.099884 0.050000 0.100000
0 0.325275 0.103742 0.050000 0.100000
0 0.348419 0.093456 0.050000 0.100000
0 0.352276 0.048584 0.050000 0.097168
0 0.447744 0.204031 0.050000 0.100000
0 0.392777 0.506185 0.050000 0.100000
0 0.411099 0.526757 0.050000 0.100000
0 0.440993 0.654047 0.050000 0.100000
0 0.505603 0.531900 0.050000 0.100000
0 0.591427 0.517757 0.050000 0.100000
0 0.549962 0.467612 0.050000 0.100000
0 0.322382 0.773623 0.050000 0.100000
0 0.239450 0.759479 0.050000 0.100000
0 0.380241 0.758194 0.050000 0.100000
0 0.714860 0.462469 0.050000 0.100000
0 0.811292 0.499756 0.050000 0.100000
0 0.864330 0.503613 0.050000 0.100000
0 0.892295 0.704192 0.050000 0.100000
0 0.699431 0.327464 0.050000 0.100000
0 0.709074 0.299177 0.050000 0.100000
0 0.738968 0.166744 0.050000 0.100000
0 0.789113 0.255461 0.050000 0.100000
0 0.837329 0.259319 0.050000 0.100000
0 0.415921 0.060026 0.050000 0.100000
