0 0.193391 0.131021 0.050000 0.100000
0 0.242133 0.128924 0.050000 0.100000
0 0.276725 0.086996 0.050000 0.100000
0 0.284586 0.093285 0.050000 0.100000
0 0.331756 0.091188 0.050000 0.100000
0 0.353769 0.080706 0.050000 0.100000
0 0.221693 0.227457 0.050000 0.100000
0 0.279869 0.231650 0.050000 0.100000
0 0.317605 0.248421 0.050000 0.100000
0 0.451253 0.204396 0.050000 0.100000
0 0.089618 0.499993 0.050000 0.100000
0 0.338045 0.466450 0.050000 0.100000
0 0.380498 0.441293 0.050000 0.100000
0 0.416662 0.514669 0.050000 0.100000
0 0.290876 0.787205 0.050000 0.100000
0 0.613203 0.629972 0.050000 0.100000
0 0.663517 0.598526 0.050000 0.100000
0 0.732699 0.621587 0.050000 0.100000
0 0.770435 0.428715 0.050000 0.100000
0 0.838045 0.414040 0.050000 0.100000
0 0.894649 0.277771 0.050000 0.100000
0 0.729555 0.244228 0.050000 0.100000
0 0.652511 0.175046 0.050000 0.100000
0 0.606913 0.196010 0.050000 0.100000
0 0.701253 0.086996 0.050000 0.100000
0 0.732699 0.095381 0.050000 0.100000
0 0.545593 0.468547 0.050000 0.100000
