0 0.191234 0.078027 0.050000 0.100000
0 0.202806 0.134600 0.050000 0.100000
0 0.242343 0.144886 0.050000 0.100000
0 0.259701 0.134600 0.050000 0.100000
0 0.286702 0.130743 0.050000 0.100000
0 0.288631 0.102456 0.050000 0.100000
0 0.309846 0.102456 0.050000 0.100000
0 0.340704 0.097313 0.050000 0.100000
0 0.359991 0.051026 0.050000 0.100000
0 0.447744 0.211746 0.050000 0.100000
0 0.267416 0.432896 0.050000 0.100000
0 0.190270 0.382752 0.050000 0.100000
0 0.156519 0.363465 0.050000 0.100000
0 0.394706 0.504899 0.050000 0.100000
0 0.404349 0.526757 0.050000 0.100000
0 0.441958 0.643761 0.050000 0.100000
0 0.504639 0.531900 0.050000 0.100000
0 0.546104 0.471469 0.050000 0.100000
0 0.674359 0.945915 0.050000 0.100000
0 0.325275 0.780052 0.050000 0.100000
0 0.327204 0.760765 0.050000 0.100000
0 0.376384 0.786480 0.050000 0.100000
0 0.689788 0.205317 0.050000 0.100000
0 0.743790 0.286320 0.050000 0.100000
0 0.731254 0.197602 0.050000 0.100000
0 0.762112 0.207888 0.050000 0.100000
