0 0.205699 0.063883 0.050000 0.100000
0 0.182556 0.051026 0.050000 0.100000
0 0.059123 0.461183 0.050000 0.100000
0 0.095767 0.462469 0.050000 0.100000
0 0.148804 0.459897 0.050000 0.100000
0 0.392777 0.510042 0.050000 0.100000
0 0.410135 0.533186 0.050000 0.100000
0 0.443886 0.642475 0.050000 0.100000
0 0.403385 0.769766 0.050000 0.100000
0 0.506567 0.535757 0.050000 0.100000
0 0.236558 0.773623 0.050000 0.100000
0 0.651215 0.957845 0.050000 0.080144
0 0.332990 0.772337 0.050000 0.100000
0 0.582748 0.495899 0.050000 0.100000
0 0.551890 0.453469 0.050000 0.100000
0 0.579856 0.369894 0.050000 0.100000
0 0.647358 0.305606 0.050000 0.100000
0 0.713896 0.339036 0.050000 0.100000
0 0.613607 0.179602 0.050000 0.100000
0 0.451601 0.210460 0.050000 0.100000
0 0.346490 0.093456 0.050000 0.100000
0 0.307917 0.092170 0.050000 0.100000
0 0.281881 0.092170 0.050000 0.100000
0 0.682073 0.182173 0.050000 0.100000
0 0.807435 0.247747 0.050000 0.100000
0 0.837329 0.255461 0.050000 0.100000
0 0.771755 0.328750 0.050000 0.100000
0 0.865294 0.439325 0.050000 0.100000
0 0.915439 0.435468 0.050000 0.100000
