0 0.261489 0.122545 0.050000 0.100000
0 0.271979 0.094573 0.050000 0.100000
0 0.287713 0.094573 0.050000 0.100000
0 0.311314 0.094573 0.050000 0.100000
0 0.340161 0.091077 0.050000 0.100000
0 0.348028 0.075342 0.050000 0.100000
0 0.380807 0.043440 0.050000 0.086881
0 0.421454 0.048685 0.050000 0.097370
0 0.441122 0.208209 0.050000 0.100000
0 0.451612 0.208209 0.050000 0.100000
0 0.310003 0.332335 0.050000 0.100000
0 0.278535 0.419748 0.050000 0.100000
0 0.227398 0.419748 0.050000 0.100000
0 0.471280 0.524643 0.050000 0.100000
0 0.525038 0.540377 0.050000 0.100000
0 0.547328 0.472196 0.050000 0.100000
0 0.578797 0.652265 0.050000 0.100000
0 0.273290 0.739678 0.050000 0.100000
0 0.311314 0.760657 0.050000 0.100000
0 0.702049 0.365552 0.050000 0.100000
0 0.763675 0.374293 0.050000 0.100000
0 0.806944 0.440727 0.050000 0.100000
0 0.867259 0.468699 0.050000 0.100000
0 0.894793 0.442475 0.050000 0.100000
0 0.762363 0.285133 0.050000 0.100000
0 0.796454 0.276391 0.050000 0.100000
0 0.842346 0.251916 0.050000 0.100000
0 0.827923 0.195972 0.050000 0.100000
0 0.632556 0.159258 0.050000 0.100000
0 0.660091 0.157510 0.050000 0.100000
0 0.713213 0.491934 0.050000 0.100000
