0 0.278001 0.095122 0.050000 0.100000
0 0.287515 0.090894 0.050000 0.100000
0 0.300200 0.088780 0.050000 0.100000
0 0.216162 0.131063 0.050000 0.100000
0 0.339840 0.093008 0.050000 0.100000
0 0.343012 0.073980 0.050000 0.100000
0 0.381067 0.139519 0.050000 0.100000
0 0.442906 0.207173 0.050000 0.100000
0 0.454005 0.207173 0.050000 0.100000
0 0.463519 0.192374 0.050000 0.100000
0 0.278001 0.338251 0.050000 0.100000
0 0.171764 0.323452 0.050000 0.100000
0 0.071870 0.594065 0.050000 0.100000
0 0.444492 0.642691 0.050000 0.100000
0 0.409608 0.761084 0.050000 0.100000
0 0.687092 0.967608 0.050000 0.060617
0 0.831384 0.951752 0.050000 0.092330
0 0.671236 0.397448 0.050000 0.100000
0 0.550728 0.467215 0.050000 0.100000
