0 0.224090 0.179689 0.050000 0.100000
0 0.249460 0.221972 0.050000 0.100000
0 0.278001 0.226200 0.050000 0.100000
0 0.295443 0.162775 0.050000 0.100000
0 0.335084 0.169118 0.050000 0.100000
0 0.271659 0.093008 0.050000 0.100000
0 0.290686 0.093008 0.050000 0.100000
0 0.338255 0.086665 0.050000 0.100000
0 0.354111 0.086665 0.050000 0.100000
0 0.388995 0.162775 0.050000 0.100000
0 0.347769 0.228314 0.050000 0.100000
0 0.438149 0.150090 0.050000 0.100000
0 0.414365 0.061295 0.050000 0.100000
0 0.439735 0.357278 0.050000 0.100000
0 0.415950 0.363621 0.050000 0.100000
0 0.545972 0.467215 0.050000 0.100000
0 0.279587 0.737828 0.050000 0.100000
0 0.192377 0.735714 0.050000 0.100000
0 0.212991 0.849879 0.050000 0.100000
0 0.490475 0.971836 0.050000 0.052160
