0 0.271659 0.097236 0.050000 0.100000
0 0.284344 0.097236 0.050000 0.100000
0 0.297029 0.093008 0.050000 0.100000
0 0.336669 0.088780 0.050000 0.100000
0 0.344597 0.080323 0.050000 0.100000
0 0.355697 0.224086 0.050000 0.100000
0 0.355697 0.196602 0.050000 0.100000
0 0.384238 0.240999 0.050000 0.100000
0 0.425464 0.255799 0.050000 0.100000
0 0.466690 0.192374 0.050000 0.100000
0 0.441320 0.217744 0.050000 0.100000
0 0.198720 0.198716 0.050000 0.100000
0 0.201891 0.224086 0.050000 0.100000
0 0.222504 0.217744 0.050000 0.100000
0 0.257388 0.230429 0.050000 0.100000
0 0.281172 0.224086 0.050000 0.100000
0 0.300200 0.232543 0.050000 0.100000
0 0.281172 0.245228 0.050000 0.100000
0 0.200306 0.640577 0.050000 0.100000
0 0.170179 0.725143 0.050000 0.100000
0 0.015930 0.718801 0.031859 0.100000
0 0.024651 0.919646 0.049301 0.100000
0 0.092483 0.960209 0.050000 0.075416
0 0.442906 0.632120 0.050000 0.100000
0 0.442906 0.777997 0.050000 0.100000
0 0.718805 0.725143 0.050000 0.100000
0 0.813942 0.744171 0.050000 0.100000
0 0.875781 0.372078 0.050000 0.100000
0 0.777473 0.232543 0.050000 0.100000
0 0.737832 0.238885 0.050000 0.100000
0 0.355697 0.097236 0.050000 0.100000
0 0.363625 0.080323 0.050000 0.100000
